1	Gonzaga 1	WCC	32-1	+33.05	120.7	10	87.6	2	69.8	71	+.016	151	+0.61	128	104.9	138	104.2	129	+0.72	138
2	Villanova 1	BE	31-3	+30.78	122.7	2	92.0	12	63.8	323	+.026	114	+9.98	27	110.1	27	100.1	32	+4.24	52
3	North Carolina 1	ACC	27-7	+28.01	122.1	4	94.1	25	70.4	53	+.006	176	+12.14	10	111.6	5	99.5	17	+4.11	57
4	Kentucky 2	SEC	29-5	+27.27	119.2	14	91.9	9	72.5	16	+.008	171	+9.79	28	109.4	38	99.6	23	+3.93	58
5	West Virginia 4	B12	26-8	+26.80	116.5	28	89.7	5	69.6	79	-.043	290	+9.77	29	109.3	39	99.5	18	-7.91	342
6	Louisville 2	ACC	24-8	+26.72	117.1	23	90.4	6	67.7	180	-.011	216	+12.20	8	111.9	4	99.7	26	+4.62	49
7	Virginia 5	ACC	22-10	+26.67	113.7	38	87.0	1	58.6	351	-.051	298	+12.15	9	111.4	8	99.2	14	+2.75	77
8	Wichita St. 10	MVC	30-4	+26.41	119.6	12	93.2	19	68.4	133	-.014	227	+0.65	127	104.3	162	103.6	113	-0.03	162
9	Florida 4	SEC	24-8	+26.39	115.9	31	89.5	4	68.6	119	-.046	292	+11.61	13	110.1	28	98.5	5	+8.86	11
10	Kansas 1	B12	28-4	+25.98	120.8	9	94.9	30	70.0	67	+.074	25	+12.26	7	111.1	15	98.8	10	+2.75	76
11	SMU 6	Amer	30-4	+25.27	120.1	11	94.8	29	63.3	330	+.020	136	+3.15	87	104.9	134	101.8	71	-1.15	200
12	Duke 2	ACC	27-8	+25.09	121.0	6	95.9	39	67.7	183	+.027	109	+12.39	6	111.5	7	99.1	13	+0.06	159
13	Baylor 3	B12	25-7	+25.01	117.3	22	92.3	14	62.8	337	+.002	181	+12.77	5	111.3	10	98.5	6	+1.64	116
14	Saint Mary's 7	WCC	28-4	+24.64	119.0	15	94.3	26	59.1	350	+.034	87	-0.28	147	104.0	178	104.3	130	-4.27	287
15	Purdue 4	B10	25-7	+24.22	116.9	24	92.7	16	68.7	116	-.023	244	+8.06	50	108.8	50	100.7	46	-1.94	217
16	Oregon 3	P12	29-5	+23.83	117.7	19	93.9	22	66.5	238	+.036	84	+6.41	67	107.8	66	101.4	66	+0.69	140
17	Iowa St. 5	B12	23-10	+23.11	119.6	13	96.4	43	67.9	170	-.010	213	+13.66	4	112.1	3	98.4	4	-0.28	169
18	UCLA 3	P12	29-4	+22.95	122.7	3	99.8	78	72.9	13	+.024	121	+4.05	78	107.3	74	103.2	105	-4.40	290
19	Florida St. 3	ACC	25-8	+22.74	116.7	25	94.0	24	70.5	52	+.023	126	+9.69	31	110.9	18	101.2	56	-3.61	268
20	Arizona 2	P12	30-4	+22.74	117.6	20	94.8	28	65.5	277	+.064	37	+6.60	65	108.1	59	101.5	69	+1.53	119
21	Michigan 7	B10	24-11	+22.62	121.6	5	99.0	69	62.6	339	-.031	255	+9.68	32	109.2	41	99.5	19	-0.27	168
22	Cincinnati 6	Amer	29-5	+22.32	114.2	35	91.9	11	63.5	327	+.029	102	+3.56	84	106.5	80	103.0	99	-0.22	167
23	Wisconsin 8	B10	25-9	+22.29	113.6	40	91.3	8	63.1	333	-.000	185	+9.09	39	109.9	34	100.8	49	-0.96	187
24	Oklahoma St. 10	B12	20-12	+22.10	124.8	1	102.7	133	70.0	64	-.056	309	+13.97	1	111.6	6	97.6	1	+2.99	72
25	Notre Dame 5	ACC	25-9	+21.09	118.9	16	97.8	58	66.9	220	+.021	133	+10.64	24	110.2	23	99.6	21	-3.97	277
26	Butler 4	BE	23-8	+20.91	118.0	17	97.1	49	65.1	295	-.001	186	+10.72	22	110.6	22	99.8	28	+5.30	41
27	Creighton 6	BE	25-9	+19.59	115.6	32	96.0	40	70.6	49	+.009	170	+8.98	40	110.2	25	101.2	57	-1.30	205
28	Marquette 10	BE	19-12	+17.57	121.0	7	103.4	154	69.7	77	-.062	313	+8.94	42	109.1	45	100.1	33	-1.84	214
29	Kansas St. 11	B12	20-13	+17.55	112.0	50	94.5	27	65.9	269	-.040	282	+10.97	20	109.9	31	99.0	11	-4.88	300
30	Wake Forest 11	ACC	19-13	+17.28	120.9	8	103.6	160	70.2	58	-.035	265	+11.20	16	111.3	9	100.1	30	+4.72	47
31	South Carolina 7	SEC	22-10	+17.03	105.5	149	88.5	3	67.9	169	-.004	194	+8.49	47	108.7	52	100.2	35	+2.40	92
32	Miami 8	ACC	21-11	+16.96	110.4	68	93.4	20	62.8	338	+.030	97	+10.12	26	111.0	16	100.9	54	-4.07	282
33	Minnesota 5	B10	24-9	+16.59	109.5	81	93.0	18	69.1	97	+.028	107	+8.15	49	108.8	51	100.6	43	-1.38	208
34	Vanderbilt 9	SEC	19-15	+16.24	112.3	48	96.1	41	65.3	284	-.035	268	+11.16	17	109.9	33	98.7	9	+6.58	33
35	Clemson	ACC	17-15	+15.88	115.9	29	100.0	84	66.0	262	-.053	299	+11.52	14	111.2	12	99.7	25	+2.16	99
36	Dayton 7	A10	24-7	+15.67	112.3	49	96.6	45	68.3	137	-.011	217	+3.38	86	105.6	100	102.2	77	+2.90	73
37	Rhode Island 11	A10	24-9	+15.62	110.7	64	95.0	32	65.9	266	-.024	248	+3.67	82	106.3	82	102.6	90	+1.99	105
38	Arkansas 8	SEC	25-9	+15.60	116.6	26	101.0	96	69.1	95	+.093	7	+7.54	56	107.9	64	100.4	39	-1.19	203
39	Northwestern 8	B10	23-11	+15.51	111.2	58	95.7	35	64.9	300	+.021	134	+7.76	53	108.6	55	100.8	50	-2.83	241
40	Xavier 11	BE	21-13	+15.32	114.8	33	99.5	74	66.9	219	+.030	98	+11.06	19	110.8	19	99.7	24	+5.78	38
41	TCU	B12	19-15	+15.29	113.2	41	97.9	59	66.6	233	-.028	254	+12.13	11	111.2	13	99.0	12	-2.92	243
42	Indiana	B10	18-15	+15.14	116.6	27	101.5	103	68.0	162	-.085	336	+9.15	38	109.6	37	100.5	42	-5.03	304
43	Michigan St. 9	B10	19-14	+14.98	110.6	66	95.6	34	66.5	242	-.012	219	+10.67	23	110.2	24	99.5	20	+4.19	54
44	Virginia Tech 9	ACC	22-10	+14.94	117.4	21	102.5	125	68.1	157	+.061	40	+8.78	44	110.2	26	101.4	64	-7.66	340
45	Maryland 6	B10	24-8	+14.83	113.6	39	98.8	64	66.8	222	+.064	36	+7.66	54	107.9	63	100.3	37	-0.94	186
46	Texas Tech	B12	18-14	+14.75	112.5	45	97.8	57	63.4	328	-.082	334	+7.76	52	109.1	44	101.3	61	-11.47	351
47	Utah	P12	20-11	+14.74	114.2	36	99.5	73	68.2	145	-.087	339	+3.49	85	105.8	89	102.4	81	-6.25	327
48	Middle Tennessee 12	CUSA	30-4	+14.65	111.6	55	97.0	47	64.0	314	+.012	161	-1.72	183	103.9	184	105.6	187	+4.12	56
49	Houston	Amer	21-10	+14.47	114.0	37	99.5	75	64.7	302	-.017	233	+2.84	88	104.9	132	102.1	76	-3.01	247
50	Syracuse	ACC	18-14	+14.35	115.9	30	101.5	104	66.1	261	-.044	291	+8.51	45	108.6	53	100.1	31	-3.15	254
51	Illinois St.	MVC	27-6	+14.33	106.6	134	92.3	15	64.4	310	+.101	5	+1.41	108	105.0	131	103.6	109	-0.35	173
52	VCU 10	A10	26-8	+14.31	110.0	72	95.7	36	67.9	167	+.036	82	+3.60	83	105.5	101	101.9	73	+1.12	129
53	Seton Hall 9	BE	21-11	+13.95	109.8	76	95.9	38	67.0	214	+.071	28	+9.70	30	109.9	32	100.2	36	-2.12	220
54	Alabama	SEC	19-14	+13.49	105.4	152	91.9	10	64.7	301	-.048	294	+7.35	57	108.0	61	100.7	45	-0.98	189
55	Nevada 12	MWC	28-6	+13.34	114.5	34	101.2	101	69.4	87	+.059	44	+0.82	125	104.0	176	103.2	104	-0.96	188
56	Providence 11	BE	20-12	+12.90	108.1	108	95.2	33	66.1	259	+.027	108	+8.20	48	109.1	43	100.9	55	-4.06	280
57	Georgia	SEC	19-14	+12.83	108.7	94	95.9	37	66.7	227	+.021	132	+11.14	18	109.7	35	98.6	7	+4.98	43
58	California	P12	21-12	+12.72	104.8	159	92.1	13	65.1	293	-.001	187	+5.28	71	107.3	72	102.1	75	-2.27	226
59	Princeton 12	Ivy	23-6	+12.50	109.4	83	96.9	46	62.9	336	+.025	117	-1.46	175	103.4	214	104.8	145	+2.50	87
60	UNC Wilmington 12	CAA	29-5	+12.39	117.8	18	105.4	189	69.9	69	+.051	60	+0.15	137	105.0	128	104.9	148	+2.46	90
61	USC 11	P12	24-9	+12.34	112.5	46	100.2	86	68.6	117	+.078	20	+4.18	77	108.0	62	103.8	117	-3.09	251
62	Tennessee	SEC	16-16	+12.12	109.8	77	97.7	55	69.0	100	-.053	301	+10.97	21	109.0	46	98.0	2	+6.74	29
63	Vermont 13	AE	29-5	+11.88	110.8	61	98.9	66	64.1	313	+.060	41	-4.74	270	102.7	251	107.4	292	+1.85	111
64	East Tennessee St. 13	SC	27-7	+11.49	108.0	109	96.5	44	69.8	70	+.002	182	-1.39	174	105.3	109	106.7	260	+0.54	147
65	Oklahoma	B12	11-20	+11.05	107.3	119	96.3	42	69.6	84	-.102	344	+13.94	2	112.1	2	98.1	3	+1.44	123
66	Texas A&M	SEC	16-15	+11.01	108.5	99	97.5	52	64.1	312	-.042	287	+7.78	51	109.2	40	101.4	67	-2.19	222
67	UCF	Amer	21-11	+11.00	103.8	183	92.8	17	65.3	282	-.002	189	+2.06	97	104.9	135	102.8	94	-6.41	329
68	Georgetown	BE	14-18	+10.95	108.6	96	97.6	54	68.3	140	-.102	345	+10.14	25	111.0	17	100.8	51	+2.32	94
69	Iowa	B10	18-14	+10.61	112.4	47	101.8	109	71.0	39	+.020	135	+7.63	55	108.3	58	100.6	44	-3.29	261
70	Illinois	B10	18-14	+10.54	107.6	116	97.0	48	65.9	265	+.040	76	+9.15	37	110.0	30	100.9	53	+0.28	155
71	Ohio St.	B10	17-15	+10.32	111.3	57	101.0	94	67.6	190	-.054	305	+7.16	59	107.3	73	100.1	34	-4.07	281
72	Colorado	P12	19-14	+10.21	112.0	52	101.7	108	67.4	199	-.040	283	+5.02	74	107.6	67	102.5	88	-0.62	180
73	Texas	B12	11-22	+10.16	104.1	177	94.0	23	67.2	210	-.105	348	+13.80	3	112.5	1	98.7	8	+1.98	106
74	BYU	WCC	22-11	+9.68	109.1	86	99.4	72	75.1	4	+.010	166	+0.33	131	104.2	165	103.8	118	-2.20	224
75	Pittsburgh	ACC	16-17	+9.54	112.8	44	103.2	150	65.1	292	+.044	74	+11.45	15	111.3	11	99.8	27	+0.49	150
76	UT Arlington	SB	25-8	+9.48	109.9	75	100.4	89	69.7	75	+.053	56	+0.17	136	104.1	171	103.9	119	+6.67	30
77	Mississippi	SEC	20-13	+9.37	110.1	70	100.8	92	71.2	33	+.059	46	+6.78	62	107.5	68	100.7	48	-0.36	174
78	San Diego St.	MWC	19-14	+8.94	103.9	182	95.0	31	64.6	307	-.101	343	+1.12	119	104.6	149	103.5	108	-1.50	209
79	Monmouth	MAAC	27-6	+8.77	108.9	89	100.1	85	72.1	22	+.080	16	-2.94	217	103.3	217	106.2	233	+2.07	102
80	Bucknell 13	Pat	26-8	+8.72	109.1	87	100.3	88	69.4	86	+.018	143	-4.37	264	100.9	311	105.2	163	+1.09	130
81	Colorado St.	MWC	23-11	+8.48	108.3	102	99.8	80	65.9	268	+.014	155	+1.33	113	104.5	157	103.1	102	-1.06	194
82	Georgia Tech	ACC	17-15	+8.37	99.0	269	90.6	7	67.6	193	+.046	71	+9.18	35	110.6	20	101.4	65	-4.95	303
83	Auburn	SEC	18-14	+8.27	111.7	54	103.4	157	73.2	10	+.045	72	+7.05	60	107.4	71	100.3	38	+1.87	110
84	Davidson	A10	17-15	+7.82	108.5	98	100.7	91	68.1	154	-.031	256	+4.66	76	106.9	76	102.3	79	+2.31	95
85	Belmont	OVC	22-6	+7.60	110.5	67	102.9	137	67.7	186	+.067	30	-2.43	204	103.6	203	106.0	216	+3.76	62
86	College of Charleston	CAA	25-9	+7.51	105.9	146	98.4	62	63.9	318	+.064	38	-0.10	141	105.7	94	105.8	198	+0.48	151
87	Penn St.	B10	15-18	+7.42	104.6	165	97.2	50	70.1	62	-.013	222	+8.94	41	108.5	56	99.6	22	+0.93	132
88	New Mexico St. 14	WAC	28-5	+7.32	110.0	71	102.7	134	67.3	205	+.057	48	-5.78	299	100.1	324	105.9	203	-4.50	294
89	St. Bonaventure	A10	20-12	+7.28	109.0	88	101.7	107	68.4	134	-.026	253	+0.41	130	104.7	144	104.3	133	-4.23	286
90	Richmond	A10	20-12	+7.10	108.8	91	101.7	105	68.8	108	+.022	127	+2.55	92	105.3	113	102.7	93	-1.38	207
91	Louisiana Tech	CUSA	23-10	+7.00	107.9	111	100.9	93	68.2	147	-.062	314	-5.50	295	100.9	310	106.4	243	-6.01	323
92	Mississippi St.	SEC	16-16	+6.85	106.4	139	99.6	76	68.6	118	-.032	260	+5.16	72	106.0	85	100.9	52	-6.02	324
93	Connecticut	Amer	16-17	+6.73	105.3	154	98.6	63	64.7	305	-.047	293	+6.14	69	107.4	70	101.3	60	+5.52	40
94	St. John's	BE	14-19	+6.52	109.1	85	102.6	127	72.9	14	-.039	281	+9.67	33	109.6	36	99.9	29	-2.42	232
95	Boise St.	MWC	19-11	+6.50	109.7	78	103.2	151	69.0	101	+.024	122	+2.44	93	105.5	103	103.0	101	+1.64	115
96	Loyola Chicago	MVC	18-14	+6.50	108.9	90	102.4	122	65.4	280	-.104	347	-0.20	144	103.4	213	103.6	110	-4.13	283
97	Valparaiso	Horz	24-8	+6.40	106.7	130	100.3	87	66.6	235	+.056	49	-3.42	235	102.6	253	106.1	223	+0.42	153
98	Memphis	Amer	19-13	+6.06	107.0	124	101.0	95	68.0	159	+.026	113	+1.92	99	104.6	151	102.7	91	-4.53	295
99	Akron	MAC	26-8	+5.92	112.9	42	107.0	217	65.3	283	+.078	19	-2.20	197	103.7	196	105.9	202	-4.72	298
100	Fresno St.	MWC	20-12	+5.92	104.9	158	99.0	68	68.0	166	+.007	174	+1.86	100	105.2	115	103.4	107	-2.35	229
101	Stanford	P12	14-17	+5.82	104.8	162	99.0	67	68.1	158	-.008	205	+8.79	43	110.1	29	101.3	59	+6.61	32
102	UNC Asheville	BSth	23-9	+5.75	107.6	115	101.9	111	67.7	179	+.017	144	-4.98	275	101.8	278	106.7	262	+7.01	26
103	Ohio	MAC	20-11	+5.67	105.5	148	99.9	81	70.0	66	-.072	326	-2.68	209	103.5	209	106.2	228	-6.66	334
104	North Carolina St.	ACC	15-17	+5.65	112.9	43	107.2	223	70.0	65	+.019	139	+8.51	46	108.9	47	100.4	41	-5.80	320
105	San Francisco	WCC	20-12	+5.45	103.4	190	97.9	60	68.4	130	+.019	137	-0.99	163	103.9	182	104.9	152	-5.47	315
106	Furman	SC	21-11	+5.30	107.3	118	102.0	114	65.2	288	-.005	197	-1.25	171	104.7	147	105.9	211	+0.61	145
107	Nebraska	B10	12-19	+5.16	105.1	157	99.9	83	67.7	181	+.011	163	+11.71	12	111.1	14	99.4	16	+7.21	22
108	Florida Gulf Coast 14	ASun	26-7	+5.01	109.5	82	104.5	172	64.9	299	+.051	63	-4.99	277	103.6	202	108.6	330	+2.69	81
109	Oakland	Horz	24-8	+4.89	103.7	186	98.8	65	71.7	26	-.006	198	-5.16	284	102.0	269	107.2	280	-5.26	312
110	Saint Peter's	MAAC	19-13	+4.85	102.6	207	97.8	56	60.4	348	-.054	304	-3.39	234	103.6	201	107.0	273	-1.95	218
111	Harvard	Ivy	18-10	+4.84	106.7	131	101.9	113	66.7	231	-.070	324	-2.45	205	103.0	228	105.5	179	-0.33	171
112	Winthrop 13	BSth	26-6	+4.63	106.5	137	101.8	110	70.7	45	+.029	100	-7.60	326	100.3	323	107.9	312	+2.58	84
113	Chattanooga	SC	19-12	+4.59	106.7	132	102.1	117	65.1	291	-.010	214	-0.56	155	105.7	96	106.3	235	+2.63	83
114	George Mason	A10	20-13	+4.57	108.6	95	104.0	164	68.2	149	+.030	96	+1.37	111	103.8	190	102.4	82	-3.19	258
115	Cal St. Bakersfield	WAC	22-9	+4.52	98.0	290	93.5	21	66.1	260	-.004	195	-3.54	241	101.9	274	105.4	175	-1.04	193
116	Towson	CAA	20-13	+4.32	105.5	151	101.1	100	67.6	192	-.009	209	-0.21	146	105.2	114	105.5	177	-1.07	195
117	Temple	Amer	16-16	+4.21	108.4	100	104.2	167	66.7	229	+.015	153	+3.81	80	105.2	122	101.4	62	+1.27	126
118	Iona 14	MAAC	22-12	+4.00	110.2	69	106.2	202	70.3	57	+.011	164	-2.57	207	103.3	216	105.9	206	+0.26	157
119	Lehigh	Pat	20-12	+3.81	107.2	121	103.4	153	69.3	93	-.034	263	-2.64	208	101.7	280	104.4	135	+3.66	64
120	UNC Greensboro	SC	25-9	+3.61	107.8	112	104.1	166	66.2	252	+.118	3	-1.61	178	104.6	150	106.2	231	-1.00	191
121	Georgia St.	SB	20-12	+3.50	104.6	164	101.1	99	67.9	171	+.015	154	-0.81	157	104.5	155	105.3	168	+2.46	89
122	Old Dominion	CUSA	19-12	+3.50	100.7	244	97.2	51	60.7	347	-.013	223	-2.08	190	104.0	177	106.1	225	+1.94	108
123	Arkansas St.	SB	20-12	+3.28	106.5	136	103.2	145	66.9	218	+.022	130	-0.88	159	103.8	191	104.7	141	+3.43	66
124	New Mexico	MWC	17-14	+3.27	106.4	140	103.1	140	68.5	124	+.024	123	+2.21	95	105.2	116	103.0	100	-1.03	192
125	George Washington	A10	19-14	+3.18	108.3	106	105.1	183	65.3	285	+.067	32	+2.23	94	104.5	156	102.3	78	-1.12	197
126	Santa Clara	WCC	17-16	+3.15	105.5	150	102.4	124	62.3	343	-.014	228	+0.92	122	103.9	187	102.9	98	-4.37	289
127	Albany	AE	21-13	+3.12	107.7	113	104.6	174	63.8	321	-.026	251	-4.98	276	101.9	275	106.9	269	-1.87	215
128	Buffalo	MAC	17-15	+3.11	105.3	155	102.2	118	71.0	38	-.053	302	-0.17	142	105.3	107	105.5	180	+2.76	75
129	Toledo	MAC	17-16	+2.69	108.7	92	106.0	201	66.2	251	-.071	325	-0.99	164	104.8	139	105.8	200	+0.74	136
130	Troy 15	SB	22-14	+2.67	109.9	74	107.3	225	67.8	178	-.037	277	-2.86	214	102.2	264	105.1	157	-6.67	335
131	Arizona St.	P12	15-18	+2.60	111.8	53	109.2	265	69.6	81	+.035	85	+6.59	66	108.4	57	101.8	72	-0.81	182
132	William & Mary	CAA	17-14	+2.37	112.0	51	109.7	275	70.6	47	-.003	191	+0.85	124	105.7	93	104.9	149	+1.45	122
133	Rutgers	B10	15-18	+2.28	101.5	226	99.2	71	65.9	264	+.006	177	+7.03	61	107.4	69	100.4	40	-9.07	347
134	Missouri St.	MVC	17-16	+2.28	108.3	105	106.0	200	65.7	271	-.055	308	+0.02	139	103.6	198	103.6	111	-6.09	325
135	Utah St.	MWC	15-17	+2.21	106.7	129	104.5	171	66.2	254	-.066	319	+2.01	98	104.9	133	102.9	97	-0.45	176
136	Elon	CAA	18-14	+2.21	104.3	173	102.1	116	67.4	198	-.021	238	-0.47	154	105.4	104	105.9	204	-1.54	210
137	La Salle	A10	15-15	+1.94	110.6	65	108.7	250	68.3	139	+.028	106	+2.57	91	105.0	127	102.5	86	+1.42	124
138	UC Irvine	BW	21-14	+1.86	101.0	235	99.1	70	66.1	258	-.007	202	-3.77	246	102.2	266	106.0	215	+7.22	21
139	Wofford	SC	16-17	+1.78	110.0	73	108.2	243	66.5	241	-.067	320	+1.42	107	105.7	98	104.2	128	+7.05	25
140	Mercer	SC	15-17	+1.74	109.7	79	107.9	237	61.4	346	-.064	316	+0.74	126	105.7	97	104.9	153	+4.24	53
141	Kent St. 14	MAC	22-13	+1.73	104.4	169	102.7	131	68.0	160	+.022	129	-2.28	200	103.9	183	106.2	230	-5.54	316
142	Louisiana Lafayette	SB	21-12	+1.72	111.2	59	109.5	271	71.9	24	+.034	89	-2.00	188	102.8	238	104.8	146	-3.90	275
143	Tulsa	Amer	15-17	+1.65	104.5	167	102.9	138	67.8	177	+.055	51	+5.07	73	105.8	91	100.7	47	+2.49	88
144	South Dakota	Sum	22-11	+1.59	103.8	185	102.2	119	70.4	54	+.071	27	-2.91	216	105.3	111	108.2	323	-1.68	213
145	Fort Wayne	Sum	19-12	+1.47	109.6	80	108.1	240	71.0	36	-.036	272	-3.25	231	105.5	102	108.8	334	-3.94	276
146	Wyoming	MWC	18-14	+1.35	103.4	189	102.0	115	73.2	11	+.010	167	+0.30	132	104.7	146	104.4	137	-1.87	216
147	Northern Kentucky 15	Horz	24-10	+1.34	106.6	133	105.3	187	67.6	191	+.082	13	-3.89	248	102.5	258	106.4	245	-2.27	227
148	Eastern Michigan	MAC	16-17	+1.24	106.0	143	104.8	178	67.8	176	-.078	331	+0.88	123	106.7	79	105.8	194	+5.61	39
149	Southern Illinois	MVC	17-16	+1.16	104.8	160	103.7	161	65.0	298	+.047	70	+1.50	106	104.2	166	102.7	92	-2.70	238
150	Marshall	CUSA	20-15	+1.16	110.8	63	109.6	273	77.3	3	+.027	111	-1.05	166	103.3	215	104.4	136	+1.16	127
151	Yale	Ivy	18-11	+1.11	106.1	141	105.0	182	67.8	175	+.055	52	-1.71	182	103.8	193	105.5	178	-0.99	190
152	North Carolina Central 16	MEAC	25-8	+1.03	102.9	201	101.9	112	66.1	256	-.042	286	-12.28	350	97.8	348	110.0	349	-0.33	172
153	Samford	SC	19-15	+0.99	108.3	107	107.3	226	68.4	131	-.042	289	-2.05	189	103.9	180	106.0	217	-3.31	262
154	Rice	CUSA	22-11	+0.88	107.9	110	107.1	219	72.0	23	-.024	249	-5.33	292	101.4	295	106.7	261	-5.75	319
155	Evansville	MVC	16-17	+0.88	104.1	178	103.2	148	66.4	244	-.024	246	+1.39	110	104.7	148	103.3	106	-2.20	223
156	Massachusetts	A10	15-18	+0.81	100.7	243	99.9	82	71.5	28	-.042	288	+1.30	114	105.0	130	103.7	115	-4.17	284
157	Northeastern	CAA	15-16	+0.63	107.1	123	106.4	208	65.7	272	-.014	226	+1.17	118	105.3	110	104.1	127	+2.54	85
158	Jacksonville St. 15	OVC	20-14	+0.58	105.4	153	104.8	177	63.3	329	+.029	104	-2.10	193	104.0	179	106.1	222	+1.06	131
159	Tennessee St.	OVC	17-13	+0.54	100.3	249	99.7	77	66.6	236	-.016	231	-2.08	191	104.5	154	106.6	253	+3.86	61
160	Boston College	ACC	9-23	+0.42	104.3	172	103.9	163	70.8	43	-.032	262	+9.16	36	110.6	21	101.4	68	-6.13	326
161	Lipscomb	ASun	20-13	+0.33	107.2	120	106.9	216	73.9	6	-.017	234	-4.29	260	103.3	219	107.6	299	+1.14	128
162	Western Michigan	MAC	16-16	+0.30	107.0	125	106.7	213	67.5	196	-.016	230	-0.34	150	105.4	105	105.8	193	+2.01	103
163	Missouri	SEC	8-24	+0.23	101.3	229	101.1	98	67.7	187	-.160	350	+6.64	64	107.9	65	101.2	58	-4.89	302
164	Grand Canyon	WAC	22-9	+0.23	101.3	230	101.0	97	68.6	120	+.078	18	-6.50	313	99.8	328	106.3	236	-7.55	338
165	North Dakota St.	Sum	19-11	+0.16	104.5	168	104.3	168	66.4	247	+.081	15	-1.67	181	105.6	99	107.3	284	+0.63	143
166	Wright St.	Horz	20-12	+0.11	106.5	138	106.4	206	68.7	114	+.056	50	-2.18	196	102.9	237	105.0	156	+0.93	133
167	Loyola Marymount	WCC	15-15	-0.02	103.1	195	103.2	142	66.9	217	+.025	116	+0.52	129	105.1	125	104.6	139	-4.89	301
168	Washington	P12	9-22	-0.04	107.7	114	107.7	231	70.6	48	-.102	346	+6.73	63	109.2	42	102.4	83	-2.37	230
169	Northern Iowa	MVC	14-16	-0.05	97.5	297	97.5	53	63.1	332	+.054	55	+4.71	75	107.2	75	102.5	87	+7.83	19
170	Penn	Ivy	13-15	-0.10	102.5	212	102.6	126	66.3	248	-.053	303	-1.30	173	103.6	199	104.9	151	+0.73	137
171	Texas St.	SB	20-13	-0.13	102.5	211	102.7	130	61.6	345	+.019	138	-3.51	239	102.7	247	106.2	234	-8.11	345
172	Georgia Southern	SB	18-14	-0.24	106.5	135	106.8	214	68.4	129	+.041	75	-0.47	153	105.1	124	105.6	184	+2.24	98
173	North Dakota 15	BSky	22-9	-0.32	102.9	200	103.2	149	71.0	34	+.047	69	-6.52	314	102.3	261	108.9	338	+3.07	70
174	Siena	MAAC	17-17	-0.36	106.1	142	106.5	209	68.3	136	-.009	211	-1.07	167	104.5	158	105.5	183	+5.90	36
175	Nebraska Omaha	Sum	18-14	-0.40	108.5	97	108.9	256	73.4	9	+.086	11	-0.30	148	106.2	83	106.5	250	+4.27	51
176	Ball St.	MAC	21-12	-0.47	104.8	163	105.2	185	70.6	50	+.051	61	-4.00	250	103.0	232	107.0	274	-10.62	350
177	LSU	SEC	10-21	-0.50	109.4	84	109.9	282	71.6	27	+.008	172	+9.25	34	108.6	54	99.4	15	+3.50	65
178	New Orleans 16	Slnd	20-11	-0.52	100.8	241	101.3	102	65.9	263	+.065	34	-5.24	287	102.4	259	107.6	301	+8.41	17
179	New Hampshire	AE	20-12	-0.66	102.4	215	103.1	139	65.1	294	+.063	39	-4.15	254	102.6	254	106.8	263	-0.31	170
180	Gardner Webb	BSth	19-14	-0.70	102.7	205	103.4	158	70.4	55	-.041	285	-5.32	291	101.5	291	106.8	266	+4.83	44
181	Weber St.	BSky	19-13	-0.73	108.3	103	109.0	259	66.2	253	-.035	270	-5.15	283	103.0	229	108.2	322	+1.41	125
182	Saint Joseph's	A10	11-20	-0.93	102.2	216	103.2	144	68.0	161	-.032	258	+3.75	81	106.1	84	102.3	80	+3.67	63
183	DePaul	BE	9-23	-1.03	103.5	188	104.5	169	67.3	203	-.069	323	+7.28	58	108.8	49	101.5	70	-7.08	336
184	East Carolina	Amer	15-18	-1.18	97.1	300	98.3	61	66.5	237	+.013	158	+1.06	120	105.2	121	104.1	126	-10.43	349
185	Green Bay	Horz	18-13	-1.29	101.9	221	103.2	146	73.8	7	+.040	77	-2.96	219	103.7	194	106.7	259	-0.18	166
186	Hofstra	CAA	15-17	-1.30	111.1	60	112.4	311	67.2	208	-.035	266	-1.13	169	104.2	167	105.3	165	-2.54	234
187	South Dakota St. 16	Sum	18-16	-1.33	110.8	62	112.1	307	66.8	221	+.029	103	-1.09	168	104.6	153	105.6	188	+1.60	117
188	Eastern Washington	BSky	22-11	-1.43	108.7	93	110.1	287	66.5	239	+.092	8	-5.71	298	102.7	244	108.4	327	+2.11	100
189	Denver	Sum	16-14	-1.54	107.5	117	109.1	262	66.4	246	-.007	203	-3.53	240	103.9	185	107.4	291	-5.14	309
190	Utah Valley	WAC	15-16	-1.54	100.2	251	101.7	106	73.1	12	-.082	333	-2.46	206	101.5	289	104.0	120	+1.60	118
191	Canisius	MAAC	18-15	-1.63	108.3	104	109.9	283	69.3	90	+.016	148	-3.05	225	102.8	242	105.8	195	-0.82	183
192	Washington St.	P12	13-18	-2.02	104.4	170	106.4	207	67.2	211	+.067	31	+6.33	68	108.9	48	102.6	89	-3.24	259
193	Boston University	Pat	18-14	-2.08	101.3	227	103.4	156	69.3	91	+.003	179	-4.23	257	101.7	282	105.9	210	-0.54	177
194	UMBC	AE	18-12	-2.22	108.3	101	110.6	290	70.2	60	+.009	169	-5.17	285	101.8	277	106.9	272	-3.03	249
195	Montana	BSky	16-16	-2.45	106.0	145	108.4	249	66.3	249	-.051	297	-5.05	280	103.2	224	108.2	324	+0.66	141
196	UAB	CUSA	17-16	-2.48	103.8	184	106.3	205	65.7	270	-.008	206	-2.14	195	103.6	200	105.7	191	+0.56	146
197	Murray St.	OVC	16-17	-2.69	107.1	122	109.8	278	68.3	138	-.087	340	-3.88	247	103.5	205	107.4	290	+0.11	158
198	IUPUI	Sum	14-18	-2.73	106.9	126	109.7	274	68.9	103	-.036	274	-0.34	149	105.7	92	106.1	224	+3.90	59
199	Indiana St.	MVC	11-20	-2.74	99.5	263	102.2	120	69.3	89	-.009	210	+2.78	89	105.2	117	102.4	84	+1.97	107
200	Coastal Carolina	SB	16-17	-2.77	102.5	210	105.3	188	67.6	194	+.025	118	+0.11	138	104.8	141	104.6	140	+1.81	112
201	Fordham	A10	13-19	-2.95	96.9	305	99.8	79	63.9	317	-.023	245	+1.24	115	104.9	137	103.6	112	-3.11	253
202	UTEP	CUSA	15-17	-2.99	99.7	259	102.7	132	65.9	267	-.035	269	-3.31	232	102.8	240	106.1	226	-2.62	236
203	Morehead St.	OVC	14-16	-3.11	106.7	128	109.9	280	68.2	144	-.005	196	-0.78	156	105.1	123	105.9	207	+4.76	45
204	Texas A&M Corpus Chris	Slnd	20-11	-3.26	103.0	196	106.2	203	67.6	195	+.078	21	-6.34	312	101.3	300	107.6	302	+2.42	91
205	Northern Illinois	MAC	15-17	-3.51	98.9	273	102.4	123	66.4	245	-.038	279	-2.28	201	104.1	173	106.4	242	-5.43	313
206	Fairfield	MAAC	16-14	-3.56	99.3	266	102.8	136	68.7	112	+.052	59	-3.04	224	103.5	206	106.5	252	-2.44	233
207	Texas Southern 16	SWAC	23-11	-3.66	103.6	187	107.3	227	68.2	146	+.120	2	-9.01	337	99.7	331	108.7	333	+12.91	3
208	Navy	Pat	16-16	-3.78	99.6	260	103.4	155	63.9	319	-.012	220	-4.20	256	101.4	294	105.6	185	-2.86	242
209	Tennessee Martin	OVC	21-12	-3.84	106.9	127	110.8	295	67.0	216	+.121	1	-4.41	266	102.7	250	107.1	278	-2.25	225
210	Rider	MAAC	18-15	-3.87	100.7	242	104.6	173	71.9	25	+.047	68	-4.31	262	102.5	256	106.8	268	-5.55	317
211	Liberty	BSth	19-13	-3.92	99.4	264	103.3	152	62.4	342	+.030	99	-5.81	300	102.2	265	108.0	317	+3.37	67
212	Stony Brook	AE	18-13	-3.96	102.0	220	105.9	196	65.5	275	+.066	33	-5.62	296	102.0	272	107.6	303	-3.04	250
213	Mount St. Mary's 16	NEC	19-15	-4.23	98.9	271	103.2	143	66.6	234	+.060	42	-5.29	290	101.5	290	106.8	264	+11.69	7
214	Houston Baptist	Slnd	17-13	-4.24	104.8	161	109.1	260	69.7	74	+.054	54	-3.47	237	102.7	249	106.2	229	+13.94	2
215	Bradley	MVC	13-20	-4.30	98.4	282	102.7	135	67.2	212	+.018	141	+2.71	90	105.9	88	103.2	103	+0.64	142
216	San Jose St.	MWC	14-16	-4.32	100.2	252	104.5	170	70.3	56	+.077	23	+1.21	116	105.3	112	104.1	123	-4.35	288
217	Holy Cross	Pat	15-17	-4.61	98.5	281	103.1	141	60.0	349	+.022	128	-3.07	226	101.9	276	104.9	154	+0.43	152
218	UC Davis 16	BW	22-12	-4.76	97.9	292	102.6	128	68.3	141	+.109	4	-6.20	308	100.1	325	106.3	237	-1.19	202
219	Eastern Illinois	OVC	14-15	-4.87	100.0	255	104.9	181	68.3	142	-.049	295	-4.71	269	102.8	243	107.5	295	-3.02	248
220	James Madison	CAA	10-23	-5.17	98.9	274	104.0	165	63.6	325	-.065	318	-0.42	152	105.9	87	106.4	239	-2.34	228
221	Duquesne	A10	10-22	-5.19	101.9	222	107.1	220	69.7	78	-.075	328	-0.87	158	103.2	222	104.1	124	-8.10	344
222	Idaho	BSky	18-13	-5.36	101.2	232	106.6	212	66.2	250	+.051	62	-6.07	305	102.7	246	108.8	336	-1.18	201
223	UMKC	WAC	17-16	-5.39	102.5	214	107.8	235	70.6	51	+.065	35	-2.21	198	103.1	226	105.3	167	+0.92	134
224	Air Force	MWC	12-21	-5.44	104.2	176	109.6	272	66.7	230	-.065	317	+0.28	133	104.3	161	104.0	122	-5.91	321
225	Stephen F. Austin	Slnd	18-14	-5.49	96.8	307	102.3	121	66.1	257	+.033	91	-5.93	303	102.0	270	108.0	314	+2.25	96
226	Lamar	Slnd	19-14	-5.58	103.3	192	108.8	255	67.6	188	-.007	201	-7.32	323	100.0	326	107.3	286	-3.69	271
227	Long Beach St.	BW	15-19	-5.59	104.6	166	110.2	289	69.3	94	+.036	83	-1.47	176	102.9	235	104.4	134	+12.76	4
228	USC Upstate	ASun	17-15	-5.93	105.3	156	111.2	301	67.7	182	+.013	157	-4.48	267	103.5	207	108.0	316	-0.86	184
229	Southeast Missouri St.	OVC	15-18	-6.00	103.3	191	109.3	266	68.2	151	-.038	278	-4.30	261	103.2	225	107.5	294	-2.93	244
230	Central Michigan	MAC	16-16	-6.03	111.5	56	117.6	345	75.0	5	+.053	57	-1.94	187	103.2	223	105.1	158	-5.19	311
231	Southeastern Louisiana	Slnd	16-16	-6.03	97.8	293	103.8	162	66.8	225	-.054	306	-7.27	322	101.0	307	108.3	325	-3.17	256
232	Columbia	Ivy	11-16	-6.20	101.0	234	107.2	222	68.6	122	-.022	240	-3.03	222	102.8	241	105.8	199	-3.66	269
233	Western Kentucky	CUSA	15-17	-6.20	102.9	202	109.1	263	65.5	274	+.048	66	-2.99	220	102.9	233	105.9	205	-3.50	266
234	Sam Houston St.	Slnd	21-13	-6.24	97.2	299	103.4	159	69.8	73	+.101	6	-6.22	309	101.3	296	107.6	298	+2.70	80
235	Charlotte	CUSA	13-17	-6.29	103.1	194	109.4	270	72.4	17	+.033	90	-1.73	184	103.4	212	105.1	159	+2.24	97
236	Oral Roberts	Sum	8-22	-6.30	104.4	171	110.7	293	68.7	110	-.077	330	+2.09	96	106.9	77	104.8	144	+8.71	14
237	South Alabama	SB	14-18	-6.40	98.9	272	105.3	186	69.4	88	+.012	160	-2.11	194	103.9	181	106.0	220	-5.66	318
238	Tulane	Amer	6-25	-6.43	102.6	208	109.0	258	70.1	63	-.075	329	+3.83	79	105.2	118	101.4	63	-1.13	199
239	Army	Pat	13-19	-6.43	98.4	284	104.8	176	71.0	37	-.063	315	-4.66	268	101.3	299	105.9	208	-3.72	273
240	Little Rock	SB	15-17	-6.61	98.3	286	104.9	179	62.9	335	+.023	125	-3.50	238	103.8	188	107.3	287	-7.18	337
241	Pacific	WCC	11-22	-6.67	99.6	262	106.3	204	66.1	255	-.003	192	+1.54	105	105.2	119	103.7	114	-2.57	235
242	Montana St.	BSky	16-16	-6.71	103.0	198	109.7	276	68.9	104	-.025	250	-6.63	317	103.3	220	109.9	347	-2.62	237
243	Cleveland St.	Horz	9-22	-6.81	96.4	312	103.2	147	65.0	296	-.090	342	-0.97	162	104.8	140	105.7	192	+5.15	42
244	Portland St.	BSky	15-16	-6.82	104.2	175	111.1	299	72.3	20	-.057	310	-6.54	315	101.7	279	108.3	326	-0.08	164
245	Illinois Chicago	Horz	15-18	-6.93	100.9	239	107.8	233	71.4	30	-.002	188	-4.04	252	101.6	285	105.7	189	-5.14	307
246	Wagner	NEC	16-14	-7.12	101.0	237	108.1	239	62.6	340	-.024	247	-8.81	333	98.7	342	107.5	297	-0.73	181
247	Drexel	CAA	9-23	-7.15	102.9	204	110.0	285	70.0	68	-.089	341	-0.96	161	104.6	152	105.5	182	-3.60	267
248	Bowling Green	MAC	13-19	-7.21	100.0	254	107.3	224	69.6	82	+.010	165	-1.60	177	103.8	189	105.4	173	-5.99	322
249	UNLV	MWC	11-21	-7.27	98.1	287	105.4	190	68.0	165	-.007	204	+0.94	121	105.0	126	104.1	125	-4.00	278
250	Kennesaw St.	ASun	14-18	-7.28	102.6	206	109.9	281	69.1	99	+.000	183	-4.29	258	103.8	192	108.1	318	-3.10	252
251	Loyola MD	Pat	15-16	-7.31	98.6	279	105.9	197	65.2	287	+.079	17	-3.71	245	101.5	286	105.3	164	+0.54	148
252	UTSA	CUSA	14-19	-7.55	95.1	324	102.6	129	67.7	185	+.016	150	-2.70	210	102.7	252	105.4	170	-1.13	198
253	North Florida	ASun	15-19	-7.57	101.8	223	109.4	268	69.6	85	+.025	120	-0.17	143	106.0	86	106.1	227	+6.86	28
254	LIU Brooklyn	NEC	20-12	-7.65	100.1	253	107.7	232	66.6	232	+.081	14	-9.54	340	98.6	344	108.2	321	-5.14	308
255	St. Francis PA	NEC	16-16	-7.92	102.0	219	110.0	284	69.7	76	-.007	199	-8.32	330	99.5	333	107.8	310	-0.91	185
256	San Diego	WCC	13-18	-8.09	100.2	250	108.3	244	63.0	334	+.058	47	-0.35	151	104.1	169	104.5	138	-6.54	332
257	Tennessee Tech	OVC	12-20	-8.12	98.9	275	107.0	218	67.9	168	-.058	312	-3.14	228	103.5	208	106.6	256	-2.40	231
258	Niagara	MAAC	10-23	-8.14	101.2	231	109.4	267	68.7	115	-.067	321	-3.57	242	102.9	236	106.4	246	-4.44	292
259	Louisiana Monroe	SB	9-24	-8.17	98.4	283	106.5	211	64.7	304	-.116	349	-0.89	160	103.9	186	104.8	142	-3.28	260
260	Drake	MVC	7-24	-8.20	103.0	197	111.2	300	69.1	96	-.083	335	+1.19	117	104.1	174	102.9	96	-3.42	265
261	Milwaukee	Horz	11-24	-8.53	99.8	257	108.4	245	62.2	344	-.023	241	-1.29	172	104.1	172	105.4	171	+2.37	93
262	Cal St. Fullerton	BW	17-14	-8.54	97.0	302	105.5	191	68.2	150	+.034	88	-8.82	334	99.7	329	108.5	329	-7.89	341
263	Cornell	Ivy	8-21	-8.67	99.7	258	108.4	248	69.3	92	-.032	259	-0.21	145	105.3	108	105.5	181	+1.94	109
264	Oregon St.	P12	5-27	-8.86	97.0	303	105.8	194	64.1	311	-.067	322	+5.99	70	108.1	60	102.1	74	-4.82	299
265	Robert Morris	NEC	14-19	-8.89	91.6	342	100.5	90	68.4	126	+.032	94	-5.24	288	101.1	303	106.4	240	+4.17	55
266	Fairleigh Dickinson	NEC	11-19	-8.97	102.9	199	111.9	305	68.7	113	-.051	296	-4.93	273	100.5	320	105.4	172	+7.76	20
267	Hawaii	BW	14-16	-9.02	97.0	304	106.0	199	66.8	223	-.012	218	-7.96	327	99.3	335	107.2	282	-5.44	314
268	Appalachian St.	SB	9-21	-9.12	99.6	261	108.7	252	70.2	59	-.039	280	+0.01	140	104.3	163	104.3	132	+0.00	161
269	Colgate	Pat	10-22	-9.13	98.5	280	107.6	228	64.7	303	-.013	221	-2.82	213	102.5	257	105.3	169	-0.55	178
270	High Point	BSth	15-16	-9.16	98.9	270	108.1	241	65.3	281	-.004	193	-6.09	306	101.1	304	107.2	279	+0.27	156
271	Jacksonville	ASun	17-15	-9.23	102.6	209	111.8	304	67.4	201	+.017	146	-7.20	321	102.7	248	109.9	348	-8.79	346
272	Florida Atlantic	CUSA	10-20	-9.32	98.6	278	108.0	238	68.5	125	-.036	273	-2.42	203	103.3	221	105.7	190	-1.23	204
273	Saint Louis	A10	12-21	-9.35	95.4	323	104.8	175	63.1	331	+.082	12	+1.35	112	105.3	106	104.0	121	-4.57	296
274	Eastern Kentucky	OVC	12-19	-9.47	98.4	285	107.8	234	67.2	213	+.015	152	-1.63	180	104.7	143	106.4	241	+0.62	144
275	Seattle	WAC	13-17	-9.63	95.6	320	105.2	184	67.3	206	-.023	242	-5.01	279	101.0	308	106.0	218	-6.42	330
276	FIU	CUSA	7-24	-9.64	102.9	203	112.5	314	64.6	306	-.171	351	-3.65	244	102.0	273	105.6	186	-4.42	291
277	Brown	Ivy	13-17	-9.81	104.1	179	113.9	324	70.9	41	+.017	145	-5.23	286	101.3	297	106.5	251	-9.41	348
278	Portland	WCC	11-22	-9.95	98.8	276	108.7	251	65.5	278	+.011	162	+1.40	109	105.2	120	103.8	116	-3.71	272
279	Miami OH	MAC	11-21	-10.09	95.8	318	105.9	195	68.2	143	+.052	58	-2.08	192	104.4	160	106.4	247	-6.50	331
280	Alcorn St.	SWAC	18-14	-10.37	95.4	322	105.8	193	67.4	200	+.048	67	-10.67	344	98.1	347	108.8	337	+11.43	8
281	Bryant	NEC	12-20	-10.37	101.7	224	112.0	306	68.8	109	-.014	224	-6.18	307	100.7	317	106.8	267	+3.34	68
282	NJIT	ASun	11-20	-10.39	98.7	277	109.1	261	67.3	204	+.029	101	-3.00	221	104.7	142	107.7	307	-0.06	163
283	Youngstown St.	Horz	13-21	-10.50	102.5	213	113.0	318	71.4	31	+.077	24	-2.24	199	103.1	227	105.3	166	-1.63	212
284	Cal St. Northridge	BW	11-19	-10.60	104.0	181	114.6	333	72.4	18	-.032	261	-5.96	304	99.8	327	105.8	197	+0.71	139
285	Northern Colorado	BSky	11-18	-10.60	96.5	311	107.1	221	68.1	153	-.026	252	-4.29	259	103.7	197	108.0	315	+8.86	12
286	The Citadel	SC	12-21	-10.74	105.6	147	116.3	340	79.4	2	+.023	124	-1.05	165	104.9	136	105.9	213	-2.00	219
287	Manhattan	MAAC	10-22	-10.85	96.8	306	107.7	229	68.6	123	-.000	184	-2.32	202	103.5	204	105.8	201	-0.56	179
288	Austin Peay	OVC	11-19	-11.08	106.0	144	117.1	342	69.6	80	+.040	78	-1.75	185	104.7	145	106.5	248	+3.20	69
289	Delaware	CAA	13-20	-11.09	97.3	298	108.4	246	64.5	309	+.089	10	+0.20	135	106.4	81	106.2	232	-2.94	245
290	South Florida	Amer	7-23	-11.17	96.5	310	107.7	230	68.4	135	-.021	237	+1.69	101	104.1	170	102.4	85	-7.61	339
291	Campbell	BSth	17-17	-11.36	99.3	265	110.7	294	65.2	289	+.035	86	-7.54	325	101.2	302	108.8	335	-5.06	306
292	UMass Lowell	AE	11-20	-11.39	104.3	174	115.6	337	71.4	29	-.036	271	-6.25	310	101.1	305	107.3	288	-6.60	333
293	Northwestern St.	Slnd	13-16	-11.45	101.0	236	112.4	312	70.9	40	+.028	105	-4.96	274	101.4	293	106.4	244	+7.08	24
294	Sacramento St.	BSky	13-18	-11.49	100.8	240	112.3	310	65.2	286	+.045	73	-5.48	294	102.6	255	108.1	319	+1.99	104
295	Quinnipiac	MAAC	10-21	-11.69	101.3	228	113.0	317	72.8	15	+.027	112	-3.20	230	102.7	245	105.9	209	-3.34	263
296	Radford	BSth	14-18	-11.70	96.1	315	107.8	236	63.6	326	+.060	43	-4.01	251	103.4	211	107.4	293	+8.94	10
297	Western Illinois	Sum	8-20	-11.75	97.1	301	108.8	254	68.4	127	-.035	267	-1.62	179	105.0	129	106.6	254	-2.82	240
298	Norfolk St.	MEAC	17-16	-11.76	93.8	330	105.6	192	68.4	128	+.077	22	-9.50	338	99.7	330	109.2	342	+6.13	35
299	Pepperdine	WCC	9-22	-11.98	102.1	218	114.1	326	68.2	148	+.026	115	+1.54	104	105.8	90	104.3	131	-1.55	211
300	Abilene Christian	Slnd	13-16	-12.05	96.7	308	108.8	253	65.5	276	+.049	65	-5.87	301	101.7	281	107.6	300	+1.47	121
301	Sacred Heart	NEC	13-19	-12.25	97.5	296	109.7	277	70.7	46	+.018	140	-8.53	332	99.1	337	107.6	304	-5.06	305
302	Detroit	Horz	8-23	-12.33	102.2	217	114.5	330	72.3	19	+.016	149	-1.23	170	103.7	195	104.9	150	+2.72	78
303	Incarnate Word	Slnd	12-17	-12.78	101.5	225	114.3	329	71.4	32	+.032	95	-5.10	281	101.3	301	106.4	238	+4.32	50
304	UT Rio Grande Valley	WAC	10-22	-12.92	100.3	248	113.2	320	73.6	8	-.037	275	-3.47	236	101.7	283	105.2	161	-3.15	255
305	Dartmouth	Ivy	7-20	-12.97	99.2	267	112.1	309	67.0	215	+.032	93	-2.87	215	102.3	262	105.2	160	-4.46	293
306	Hampton	MEAC	14-16	-13.16	93.6	333	106.8	215	67.9	173	+.022	131	-10.04	343	98.9	339	108.9	340	+2.07	101
307	Cal Poly	BW	11-20	-13.18	99.8	256	113.0	319	65.0	297	+.013	159	-4.19	255	100.7	316	104.9	147	+2.64	82
308	American	Pat	8-22	-13.29	94.8	328	108.1	242	64.0	316	-.017	236	-4.31	263	101.5	292	105.8	196	-4.22	285
309	Charleston Southern	BSth	12-19	-13.40	103.3	193	116.7	341	67.9	174	+.007	175	-5.64	297	101.0	306	106.7	258	+4.72	48
310	Prairie View A&M	SWAC	13-20	-13.49	98.0	289	111.5	303	67.2	207	-.017	235	-8.22	329	99.6	332	107.8	309	+12.03	5
311	Central Arkansas	Slnd	8-24	-13.51	104.0	180	117.5	344	70.7	44	-.014	229	-3.03	223	103.0	231	106.0	219	+6.90	27
312	Binghamton	AE	12-20	-13.68	96.2	314	109.8	279	65.6	273	-.009	208	-4.99	278	102.3	263	107.2	283	-4.64	297
313	Nicholls St.	Slnd	14-17	-13.75	100.4	247	114.2	328	69.1	98	+.089	9	-3.59	243	103.0	230	106.6	255	+8.58	16
314	UC Riverside	BW	8-21	-13.87	92.1	339	106.0	198	67.5	197	-.055	307	-4.76	271	101.3	298	106.0	221	+1.70	113
315	Savannah St.	MEAC	13-16	-13.88	100.6	246	114.5	331	80.7	1	+.054	53	-9.52	339	98.9	338	108.5	328	+7.19	23
316	Marist	MAAC	8-24	-13.89	100.6	245	114.5	332	66.5	240	+.013	156	-1.92	186	104.1	175	106.0	214	-0.13	165
317	McNeese St.	Slnd	7-22	-14.07	96.1	317	110.2	288	69.6	83	-.057	311	-3.20	229	103.3	218	106.5	249	+8.65	15
318	SIU Edwardsville	OVC	6-24	-14.15	95.0	327	109.1	264	68.9	106	-.041	284	-2.77	212	104.3	164	107.0	276	+0.38	154
319	Stetson	ASun	11-21	-14.28	100.9	238	115.2	334	72.1	21	-.002	190	-4.80	272	102.9	234	107.7	306	-5.18	310
320	North Texas	CUSA	8-22	-14.52	96.3	313	110.8	296	69.8	72	-.080	332	-4.41	265	101.5	287	105.9	212	-7.93	343
321	Maryland Eastern Shore	MEAC	14-20	-14.60	97.9	291	112.5	313	68.2	152	+.039	79	-6.90	319	100.9	309	107.8	311	+9.25	9
322	Western Carolina	SC	9-23	-14.75	90.1	348	104.9	180	66.4	243	+.027	110	+1.66	102	106.8	78	105.2	162	+6.61	31
323	Morgan St.	MEAC	14-16	-15.34	91.2	344	106.5	210	67.3	202	+.038	80	-12.25	349	98.2	346	110.4	350	-2.96	246
324	Southern Miss	CUSA	9-22	-15.47	92.9	334	108.4	247	65.2	290	-.032	257	-3.10	227	102.4	260	105.5	176	-3.18	257
325	Southern	SWAC	15-18	-15.59	98.1	288	113.7	323	68.0	164	+.038	81	-12.09	348	96.8	351	108.9	339	+1.66	114
326	Northern Arizona	BSky	9-23	-15.64	95.0	326	110.7	292	68.8	107	-.016	232	-6.25	311	101.7	284	107.9	313	-3.37	264
327	VMI	SC	6-24	-16.02	97.7	295	113.7	322	68.7	111	-.034	264	+0.27	134	105.7	95	105.4	174	+0.78	135
328	Grambling St.	SWAC	15-17	-16.07	96.6	309	112.6	316	66.8	224	+.049	64	-11.92	347	97.6	350	109.5	344	-0.42	175
329	Jackson St.	SWAC	14-18	-16.19	92.7	336	108.9	257	64.0	315	+.032	92	-11.41	346	98.2	345	109.6	345	+2.52	86
330	Lafayette	Pat	9-21	-17.24	96.1	316	113.4	321	69.0	102	+.059	45	-3.94	249	100.8	312	104.8	143	-3.81	274
331	UC Santa Barbara	BW	6-22	-18.14	91.3	343	109.4	269	63.7	324	+.009	168	-2.94	218	102.1	268	105.0	155	+6.58	34
332	Hartford	AE	9-23	-18.26	92.6	337	110.8	297	68.1	155	+.073	26	-5.27	289	102.0	271	107.3	285	-6.32	328
333	Idaho St.	BSky	6-26	-18.26	97.7	294	115.9	338	68.6	121	-.053	300	-2.76	211	104.1	168	106.9	271	+4.73	46
334	Southern Utah	BSky	6-27	-18.59	101.1	233	119.7	349	71.0	35	-.014	225	-5.12	282	102.1	267	107.2	281	-1.07	196
335	South Carolina St.	MEAC	11-20	-19.23	99.1	268	118.3	348	68.0	163	+.067	29	-5.92	302	100.7	313	106.6	257	+16.61	1
336	Chicago St.	WAC	6-26	-19.38	91.9	340	111.3	302	66.7	228	-.009	207	+1.59	103	104.5	159	102.9	95	+5.88	37
337	Maine	AE	7-25	-19.48	91.1	345	110.6	291	67.6	189	+.005	178	-3.34	233	103.5	210	106.8	265	-2.70	239
338	Howard	MEAC	10-24	-19.55	90.5	347	110.1	286	67.7	184	-.022	239	-7.43	324	100.7	315	108.1	320	+8.84	13
339	Delaware St.	MEAC	10-22	-19.85	94.2	329	114.1	327	65.4	279	+.007	173	-8.52	331	100.6	319	109.1	341	+3.86	60
340	Bethune Cookman	MEAC	10-22	-20.20	95.0	325	115.3	335	67.9	172	-.011	215	-11.26	345	98.6	343	109.9	346	-2.18	221
341	Central Connecticut	NEC	6-23	-21.08	92.8	335	113.9	325	64.5	308	-.023	243	-8.06	328	99.3	334	107.4	289	-3.68	270
342	Alabama St.	SWAC	8-23	-21.56	91.1	346	112.6	315	68.1	156	-.007	200	-9.58	341	99.1	336	108.7	332	+2.87	74
343	Coppin St.	MEAC	8-24	-21.74	93.7	331	115.4	336	68.4	132	+.002	180	-6.83	318	100.7	314	107.5	296	+7.94	18
344	Florida A&M	MEAC	6-23	-22.34	93.6	332	116.0	339	68.9	105	-.085	337	-12.72	351	97.7	349	110.4	351	-4.02	279
345	Mississippi Valley St.	SWAC	7-25	-22.45	95.8	319	118.2	347	70.9	42	+.025	119	-6.63	316	100.5	321	107.1	277	+11.82	6
346	St. Francis NY	NEC	4-27	-24.30	87.8	350	112.1	308	66.8	226	-.037	276	-7.05	320	100.6	318	107.7	305	-1.34	206
347	Longwood	BSth	6-24	-25.12	92.2	338	117.3	343	70.1	61	+.017	147	-5.47	293	101.5	288	107.0	275	+0.04	160
348	Arkansas Pine Bluff	SWAC	7-25	-25.20	85.6	351	110.8	298	67.2	209	-.010	212	-9.00	336	100.4	322	109.4	343	+2.99	71
349	North Carolina A&T	MEAC	3-29	-27.47	95.5	321	123.0	351	62.5	341	-.086	338	-8.89	335	98.9	340	107.8	308	+0.54	149
350	Presbyterian	BSth	5-25	-29.23	88.9	349	118.1	346	63.9	320	+.018	142	-4.09	253	102.8	239	106.9	270	+2.71	79
351	Alabama A&M	SWAC	2-27	-30.22	91.6	341	121.8	350	63.8	322	-.075	327	-9.75	342	98.8	341	108.6	331	+1.48	120
