1	Villanova	BE	14-1	+29.73	125.3	2	95.6	37	70.1	146	+.016	145	+5.93	24	107.5	26	101.5	43	+3.61	71
2	Michigan St.	B10	15-2	+29.28	118.5	8	89.2	6	67.4	272	-.024	244	+0.40	166	105.4	90	105.0	263	-3.94	296
3	Virginia	ACC	14-1	+28.93	113.3	37	84.4	1	60.5	351	+.004	174	+2.95	82	105.5	82	102.6	99	-0.22	183
4	Texas Tech	B12	14-1	+27.52	115.1	25	87.6	3	69.2	202	-.018	226	-1.67	242	103.1	233	104.7	244	-6.46	332
5	Purdue	B10	15-2	+27.51	118.2	9	90.7	9	69.9	159	-.008	206	+2.96	81	105.2	99	102.2	69	+1.42	131
6	Duke	ACC	13-2	+25.35	125.6	1	100.3	108	72.8	49	+.058	68	+6.45	17	107.7	20	101.3	34	+3.92	64
7	Kansas	B12	12-3	+24.55	119.4	5	94.8	29	71.3	96	+.003	179	+6.95	12	108.0	13	101.0	25	+2.86	92
8	Cincinnati	Amer	14-2	+24.46	111.3	52	86.8	2	67.1	287	-.016	222	-2.25	257	102.7	249	105.0	261	-5.07	314
9	Gonzaga	WCC	14-3	+24.32	118.5	7	94.1	21	70.6	124	-.045	278	+0.17	176	105.0	111	104.8	249	+3.92	65
10	West Virginia	B12	14-1	+23.19	115.4	24	92.2	12	74.0	27	+.104	23	+1.23	135	103.4	208	102.1	65	-4.65	306
11	Wichita St.	Amer	13-2	+22.95	116.9	15	94.0	20	69.6	171	+.009	164	+2.99	80	106.6	50	103.6	159	+3.48	77
12	North Carolina	ACC	12-4	+22.11	114.5	26	92.3	13	74.3	23	-.005	197	+9.30	5	109.0	5	99.6	5	+6.71	28
13	Oklahoma	B12	12-2	+21.04	117.9	11	96.9	48	78.1	3	+.050	81	+5.87	26	108.5	7	102.6	95	+1.29	138
14	Notre Dame	ACC	13-3	+20.59	116.2	18	95.6	35	67.1	285	-.004	193	+0.92	149	105.0	113	104.0	197	-1.16	206
15	Clemson	ACC	14-1	+20.51	111.9	47	91.4	10	67.6	268	+.034	97	+1.96	112	105.9	72	103.9	184	-0.45	187
16	Tennessee	SEC	10-4	+20.18	112.9	40	92.8	14	69.5	183	-.032	260	+10.04	4	110.3	3	100.3	8	+7.51	22
17	Arizona	P12	12-4	+20.18	119.1	6	99.0	76	69.4	189	+.011	158	+5.65	30	106.6	48	100.9	22	+3.19	88
18	Seton Hall	BE	14-2	+20.03	116.5	17	96.5	46	71.5	83	-.004	194	+4.30	51	104.9	121	100.6	13	+1.70	125
19	Creighton	BE	13-3	+20.02	115.7	23	95.7	38	74.4	21	+.014	150	+1.76	120	106.1	64	104.4	219	-3.21	279
20	Arizona St.	P12	13-2	+20.02	120.7	4	100.7	110	72.5	51	+.001	181	+4.55	44	105.4	91	100.9	20	+0.45	160
21	Xavier	BE	15-2	+19.98	117.8	13	97.8	59	72.9	47	+.088	37	+4.98	38	106.7	40	101.7	51	+2.45	106
22	Kentucky	SEC	12-3	+19.32	112.8	43	93.4	17	70.5	128	+.029	106	+5.79	29	107.0	34	101.2	31	+3.22	86
23	TCU	B12	13-2	+18.90	118.1	10	99.2	84	70.8	114	+.024	121	+3.32	68	107.7	23	104.4	218	-0.84	198
24	Florida St.	ACC	12-3	+18.87	113.2	38	94.3	23	73.6	32	-.042	276	+0.15	177	103.2	222	103.1	130	-5.58	322
25	Miami FL	ACC	13-2	+18.62	108.0	95	89.4	7	69.5	184	+.021	130	+0.75	157	104.0	176	103.2	137	-1.95	245
26	Texas A&M	SEC	11-4	+18.61	108.7	80	90.1	8	69.6	169	-.007	204	+5.63	31	108.2	11	102.6	98	+3.40	82
27	Saint Mary's	WCC	15-2	+18.53	121.3	3	102.7	146	64.1	346	-.064	305	-3.27	286	101.4	308	104.7	237	-3.66	288
28	Auburn	SEC	14-1	+18.53	116.1	19	97.6	56	74.0	26	+.044	87	+0.98	146	105.0	107	104.0	196	-1.72	237
29	Arkansas	SEC	11-4	+18.45	116.9	16	98.5	69	73.4	37	+.005	171	+6.28	19	107.9	14	101.7	47	+2.80	95
30	Florida	SEC	11-4	+18.30	115.8	22	97.5	53	69.9	156	+.004	172	+6.10	22	107.6	25	101.5	40	+2.81	94
31	Nevada	MWC	15-3	+18.09	117.9	12	99.8	93	70.0	154	-.055	287	+2.90	87	104.3	154	101.4	39	+3.47	78
32	Michigan	B10	14-3	+18.00	112.3	46	94.3	22	64.3	343	+.021	134	+0.39	168	104.4	150	104.0	194	-3.72	290
33	Ohio St.	B10	13-4	+17.89	113.2	39	95.3	31	69.9	158	+.025	119	+4.68	40	106.6	46	101.9	55	+0.47	159
34	SMU	Amer	12-5	+17.35	112.7	44	95.3	32	66.5	311	-.065	306	-0.86	217	102.6	260	103.4	151	-3.17	277
35	Maryland	B10	14-4	+17.03	113.4	34	96.4	45	67.9	252	+.028	112	+1.89	115	104.6	140	102.7	107	-4.13	297
36	Baylor	B12	11-4	+16.80	112.4	45	95.6	36	65.9	332	-.010	211	+0.76	155	104.6	138	103.9	179	-5.28	319
37	Texas	B12	10-5	+16.51	104.9	145	88.4	5	68.0	246	-.050	283	+7.00	11	107.8	19	100.8	17	+3.41	80
38	Butler	BE	12-5	+15.72	113.7	33	98.0	63	69.2	201	+.028	113	+6.38	18	107.2	29	100.8	18	+1.33	135
39	Rhode Island	A10	11-3	+15.64	110.3	60	94.6	28	70.7	120	+.013	151	+2.68	93	105.5	83	102.9	121	+4.72	49
40	Louisville	ACC	11-4	+15.59	108.4	87	92.8	15	71.0	107	+.010	160	-0.27	191	104.2	168	104.4	220	-1.58	230
41	Penn St.	B10	12-5	+15.42	108.7	82	93.3	16	71.4	88	-.084	321	-0.96	220	103.8	188	104.7	246	-4.75	307
42	Houston	Amer	12-3	+15.15	113.4	36	98.2	66	70.1	147	+.011	159	+0.20	173	104.0	178	103.8	174	-1.39	216
43	Kansas St.	B12	11-4	+14.66	113.7	32	99.1	77	66.1	324	-.023	241	-1.00	222	104.2	159	105.3	280	-6.36	330
44	Missouri	SEC	11-4	+14.65	115.8	21	101.2	115	66.4	314	-.029	252	+2.93	83	104.0	180	101.0	28	+0.63	155
45	Marquette	BE	11-5	+14.27	117.8	14	103.5	165	71.0	108	+.008	166	+5.30	33	107.9	16	102.6	97	+0.78	150
46	UCLA	P12	12-4	+13.92	114.1	28	100.1	102	73.4	35	+.032	102	+2.46	96	104.3	158	101.8	53	+2.77	97
47	USC	P12	11-6	+13.89	115.9	20	102.0	131	70.4	134	-.041	274	+3.06	74	105.6	78	102.6	91	+3.53	76
48	Minnesota	B10	13-4	+13.74	111.8	49	98.1	65	72.2	62	-.010	210	-1.11	223	102.9	242	104.0	192	-3.41	283
49	Virginia Tech	ACC	12-4	+13.70	112.8	41	99.1	81	72.5	52	-.005	201	-4.57	320	101.3	311	105.9	302	-8.07	339
50	Syracuse	ACC	12-4	+13.70	105.9	127	92.2	11	64.2	345	-.006	202	+2.99	79	107.4	27	104.4	217	+0.59	156
51	Georgia	SEC	11-3	+12.88	107.2	107	94.3	24	67.4	275	+.029	110	+2.50	94	106.7	41	104.2	207	-0.34	184
52	San Diego St.	MWC	10-4	+12.83	107.4	103	94.6	27	71.3	93	-.019	228	+2.17	107	104.1	169	102.0	56	+1.58	127
53	Alabama	SEC	9-6	+12.81	108.2	92	95.4	34	71.8	75	-.005	199	+7.56	8	106.2	60	98.7	4	+5.44	43
54	Boise St.	MWC	13-3	+12.72	106.6	117	93.9	19	70.2	140	+.041	92	-0.72	212	103.6	195	104.3	212	-2.40	256
55	Oklahoma St.	B12	11-4	+12.55	109.9	66	97.3	52	71.8	72	+.026	116	-0.58	209	103.6	194	104.2	203	-4.97	312
56	Utah	P12	10-5	+11.87	110.1	62	98.3	68	68.9	211	+.014	148	+4.46	47	107.0	31	102.6	93	-0.20	182
57	Providence	BE	11-6	+11.65	110.7	56	99.1	78	68.7	221	+.019	140	+4.40	48	106.4	54	102.0	58	+0.39	163
58	Western Kentucky	CUSA	11-5	+11.38	111.7	50	100.3	107	70.7	119	-.074	316	+3.15	73	105.5	84	102.4	76	+4.75	48
59	St. Bonaventure	A10	11-4	+11.19	108.4	85	97.3	51	70.9	111	+.021	135	+2.01	111	106.0	71	104.0	188	+1.31	137
60	BYU	WCC	13-4	+11.11	108.1	93	97.0	49	67.8	254	+.017	143	-0.33	194	104.5	145	104.8	252	-0.98	200
61	East Tennessee St.	SC	12-4	+10.86	108.4	88	97.5	55	69.1	208	-.002	186	+0.56	161	105.4	93	104.8	251	+0.57	158
62	Missouri St.	MVC	13-4	+10.86	108.0	96	97.2	50	66.2	317	-.057	292	-0.35	196	102.3	272	102.7	103	-1.61	232
63	Middle Tennessee	CUSA	11-4	+10.73	108.4	86	97.6	57	68.4	232	+.029	109	+6.84	13	107.8	18	100.9	23	+8.47	14
64	Oregon	P12	11-5	+10.67	109.9	68	99.2	85	69.5	177	-.032	259	-1.72	244	103.0	237	104.7	238	-3.68	289
65	UCF	Amer	12-4	+10.64	98.7	268	88.1	4	66.8	299	+.064	58	-0.57	207	104.2	166	104.7	247	-1.46	224
66	Old Dominion	CUSA	12-3	+10.45	106.8	112	96.4	44	65.3	336	+.017	144	-3.30	289	102.3	275	105.6	290	-2.42	258
67	Mississippi St.	SEC	13-2	+10.34	104.7	149	94.4	25	69.8	163	+.071	51	-6.27	337	100.6	333	106.8	327	-9.68	345
68	LSU	SEC	10-4	+10.31	114.2	27	103.9	178	69.8	160	+.053	73	+0.29	170	105.4	88	105.1	268	-3.42	285
69	New Mexico St.	WAC	13-3	+10.17	106.5	120	96.3	43	68.5	230	+.081	43	+1.87	116	104.3	156	102.4	80	+3.41	81
70	Northern Kentucky	Horz	11-5	+10.14	108.4	89	98.2	67	69.1	206	-.094	329	-0.15	189	104.3	153	104.5	224	+2.60	101
71	Northwestern	B10	10-7	+10.02	110.1	63	100.1	100	66.6	308	-.013	218	+4.56	43	105.0	109	100.4	10	+0.68	153
72	St. John's	BE	10-6	+10.02	106.4	122	96.3	42	71.5	86	+.007	167	+5.82	28	106.6	49	100.8	16	+2.56	103
73	Boston College	ACC	11-5	+10.02	108.8	79	98.8	74	69.8	161	+.005	170	+0.38	169	104.1	171	103.7	165	-6.19	327
74	South Carolina	SEC	10-5	+10.01	103.5	174	93.5	18	70.9	113	+.003	178	+2.37	99	105.5	85	103.1	131	+0.58	157
75	Wake Forest	ACC	8-7	+9.76	112.8	42	103.1	155	69.7	166	-.094	328	+3.03	75	104.8	123	101.8	52	-0.14	180
76	Vermont	AE	11-5	+9.74	113.8	31	104.0	181	65.2	337	-.030	255	+3.58	63	106.3	59	102.7	104	+5.64	39
77	Wisconsin	B10	9-8	+9.66	109.1	76	99.4	88	63.7	348	-.069	310	+3.52	64	106.1	65	102.6	100	+0.24	169
78	North Carolina St.	ACC	11-5	+9.48	111.6	51	102.1	133	72.5	53	-.003	189	-2.96	280	101.8	295	104.8	248	-9.54	344
79	Murray St.	OVC	12-3	+8.68	111.9	48	103.2	160	68.3	240	-.036	263	-6.09	336	100.9	324	107.0	333	-1.40	217
80	South Dakota St.	Sum	14-5	+8.66	114.0	30	105.4	207	70.6	126	+.065	57	+3.65	60	105.8	74	102.2	67	+4.04	61
81	Nebraska	B10	11-6	+8.56	107.3	106	98.7	73	69.5	178	+.057	69	+3.01	78	105.4	92	102.4	75	-3.39	281
82	Louisiana Lafayette	SB	14-3	+8.49	111.1	53	102.6	142	71.2	100	+.103	24	-2.56	266	102.6	259	105.1	267	-0.71	196
83	UNLV	MWC	12-4	+8.42	110.2	61	101.8	127	75.1	11	-.041	273	-4.30	315	101.4	309	105.7	294	-5.41	320
84	Vanderbilt	SEC	6-9	+8.36	108.1	94	99.7	91	67.6	265	-.128	344	+7.01	10	107.9	15	100.9	21	+4.23	59
85	Temple	Amer	7-8	+8.19	109.5	72	101.4	118	67.4	273	+.029	108	+10.76	3	108.0	12	97.2	2	+9.59	10
86	Mississippi	SEC	9-6	+7.97	110.8	55	102.8	148	70.6	127	-.038	268	+0.69	159	103.0	235	102.3	72	-1.67	233
87	Illinois	B10	10-7	+7.78	104.3	158	96.6	47	72.9	45	-.085	322	+2.71	91	105.5	86	102.8	112	-2.84	268
88	Iowa	B10	9-9	+7.77	110.3	58	102.6	141	72.0	69	-.113	339	+1.78	118	106.1	69	104.3	214	-4.60	303
89	Fresno St.	MWC	12-5	+7.70	109.9	67	102.2	135	67.8	258	-.061	301	-3.58	295	102.1	284	105.7	295	-5.86	323
90	South Dakota	Sum	14-5	+7.44	106.8	111	99.4	87	71.7	79	-.074	317	-4.22	312	102.1	286	106.3	314	-2.53	262
91	Indiana	B10	9-7	+7.12	110.0	65	102.8	150	67.7	260	+.004	175	+3.02	77	106.1	66	103.1	132	-2.24	252
92	UAB	CUSA	11-5	+6.99	110.5	57	103.5	166	66.9	296	-.105	335	-5.54	330	99.9	344	105.4	286	-7.22	336
93	Belmont	OVC	11-6	+6.85	109.0	78	102.1	134	67.7	261	-.036	264	+0.20	174	104.7	129	104.5	227	+2.21	111
94	VCU	A10	10-6	+6.73	108.3	91	101.5	123	71.4	89	+.013	154	+1.39	132	104.3	157	102.9	123	+1.22	141
95	DePaul	BE	8-8	+6.68	106.8	114	100.1	99	71.3	97	-.096	331	+2.34	101	104.9	117	102.6	96	-3.91	295
96	Buffalo	MAC	10-5	+6.62	110.0	64	103.4	163	74.5	18	+.060	64	+4.08	54	106.2	63	102.1	62	+4.52	51
97	Davidson	A10	7-7	+6.45	110.3	59	103.9	175	67.9	250	-.101	333	+0.28	171	102.8	247	102.5	85	+1.38	133
98	Montana	BSky	11-5	+6.34	106.3	123	100.0	96	70.2	139	-.053	284	-2.08	254	102.2	276	104.3	215	+1.94	119
99	Loyola Chicago	MVC	12-4	+6.33	105.6	131	99.3	86	66.6	309	+.075	47	-3.40	290	100.3	338	103.7	164	-6.35	329
100	Georgetown	BE	11-4	+6.19	106.2	125	100.0	97	72.4	55	-.011	215	-9.52	349	98.4	348	108.0	347	-17.59	351
101	Grand Canyon	WAC	11-5	+6.15	100.6	229	94.4	26	69.7	167	-.075	319	-9.37	348	96.9	350	106.3	313	-10.37	346
102	UT Arlington	SB	11-6	+6.02	105.2	140	99.1	82	74.4	20	-.040	271	-1.38	233	103.2	224	104.6	231	-0.71	197
103	Furman	SC	12-4	+6.00	106.3	124	100.3	104	69.7	165	+.080	44	-2.79	277	104.2	165	107.0	331	+0.03	173
104	Iowa St.	B12	9-5	+5.82	108.7	83	102.9	151	70.5	130	+.059	65	-0.13	188	103.2	225	103.3	141	-4.38	301
105	San Diego	WCC	12-4	+5.80	101.8	208	96.0	39	68.9	215	-.014	219	-2.42	263	101.2	316	103.6	158	-2.61	264
106	Wyoming	MWC	11-5	+5.77	103.6	173	97.8	58	74.6	17	+.130	15	+3.47	66	105.7	77	102.2	70	+0.89	147
107	Bucknell	Pat	8-8	+5.66	110.9	54	105.3	206	73.7	31	-.026	246	+4.10	53	106.3	57	102.2	68	+7.08	27
108	Georgia Southern	SB	12-5	+5.34	107.3	105	102.0	129	69.1	205	+.007	169	-1.51	238	101.3	310	102.8	119	+0.26	168
109	Washington	P12	12-4	+5.32	106.8	113	101.5	121	71.5	87	+.179	1	+2.17	106	106.6	44	104.5	223	-1.32	211
110	Towson	CAA	12-5	+5.20	104.7	148	99.5	90	68.3	237	-.020	230	-0.68	211	103.5	196	104.2	206	-0.58	192
111	Mercer	SC	7-8	+4.96	114.0	29	109.1	276	66.1	323	-.185	351	+2.71	92	103.4	206	100.7	14	+1.25	139
112	Colorado	P12	10-6	+4.89	103.5	176	98.6	71	71.1	106	+.096	32	+3.34	67	107.6	24	104.3	211	-0.60	193
113	Oregon St.	P12	10-5	+4.62	106.9	110	102.3	136	67.3	280	-.066	307	-5.88	335	101.0	322	106.9	328	-8.52	342
114	Georgia Tech	ACC	8-7	+4.61	102.5	194	97.9	61	65.9	327	-.068	309	-2.29	259	101.9	293	104.2	205	-5.91	325
115	Northeastern	CAA	10-6	+4.57	105.7	128	101.2	114	67.3	276	+.025	118	+0.84	151	105.4	89	104.6	232	+3.68	70
116	Utah Valley	WAC	12-5	+4.38	109.6	70	105.2	203	69.7	168	+.053	77	-0.96	221	102.4	267	103.4	150	-0.11	178
117	Stanford	P12	8-8	+4.36	104.6	151	100.2	103	70.1	142	+.012	156	+2.87	88	106.6	52	103.7	166	+2.62	100
118	UNC Greensboro	SC	11-4	+4.30	103.4	181	99.1	79	66.5	313	+.004	176	-3.28	287	102.8	248	106.0	306	-1.97	246
119	UC Santa Barbara	BW	12-4	+4.23	109.7	69	105.5	210	69.5	181	+.066	56	-0.43	199	102.9	238	103.4	148	+1.16	143
120	Iona	MAAC	9-7	+4.18	109.0	77	104.8	200	71.5	82	-.017	225	+1.67	124	104.6	135	103.0	126	+3.33	83
121	Tulsa	Amer	10-6	+4.14	106.6	116	102.5	139	68.5	227	+.014	149	-1.13	225	103.3	211	104.5	222	-1.05	203
122	Bradley	MVC	12-5	+4.08	99.4	250	95.3	33	68.3	234	+.073	49	-2.27	258	103.1	231	105.4	282	-3.88	293
123	Rutgers	B10	11-6	+4.01	99.2	255	95.2	30	68.8	216	-.015	221	-5.84	332	100.2	339	106.1	307	-13.00	348
124	Lipscomb	ASun	11-5	+3.98	101.4	212	97.5	54	76.0	8	+.150	13	+4.58	42	104.9	115	100.4	9	+6.10	33
125	Tulane	Amer	11-4	+3.97	104.7	147	100.8	111	71.2	101	+.093	34	-3.21	284	101.1	320	104.3	210	-6.52	334
126	Rider	MAAC	10-6	+3.91	109.3	74	105.4	209	73.9	28	-.002	187	-0.34	195	103.5	200	103.8	175	-0.05	176
127	Saint Joseph's	A10	7-7	+3.72	105.7	129	102.0	130	72.3	61	+.032	101	+2.34	102	104.8	124	102.5	83	+1.81	123
128	College of Charleston	CAA	11-5	+3.56	104.9	144	101.3	117	67.0	294	+.016	147	-3.66	299	101.6	302	105.2	277	-4.91	308
129	Princeton	Ivy	7-8	+3.55	107.8	101	104.2	184	65.5	335	-.008	208	+3.58	62	105.2	98	101.6	45	+3.22	85
130	Idaho	BSky	10-6	+3.40	103.4	180	100.0	98	67.8	257	-.058	295	-3.07	282	101.8	294	104.9	256	-2.63	265
131	Louisiana Tech	CUSA	10-7	+3.37	108.0	97	104.6	195	68.8	218	-.090	326	-1.80	248	102.7	250	104.5	225	-2.89	270
132	Oakland	Horz	9-8	+3.34	109.6	71	106.3	224	74.6	16	+.021	133	+1.30	133	104.0	174	102.7	106	+2.39	109
133	Jacksonville St.	OVC	12-5	+3.22	104.4	157	101.1	113	67.3	279	-.064	304	-8.08	347	100.0	343	108.1	349	-8.89	343
134	La Salle	A10	7-9	+3.21	105.1	141	101.9	128	68.9	212	-.049	279	+4.08	55	105.8	75	101.7	50	+3.84	66
135	Utah St.	MWC	10-7	+3.20	106.5	119	103.3	161	68.1	243	-.005	200	+0.97	147	103.7	189	102.8	114	-0.44	186
136	Stephen F. Austin	Slnd	13-3	+3.19	101.8	209	98.6	70	72.1	64	+.026	115	-4.32	316	101.6	300	105.9	304	-2.41	257
137	Portland St.	BSky	11-5	+3.10	108.6	84	105.5	211	77.0	5	+.059	67	+3.19	72	106.2	62	103.0	127	+3.57	74
138	San Francisco	WCC	10-7	+3.09	101.1	220	98.0	62	68.3	239	+.000	182	-0.52	204	105.0	108	105.5	288	-1.08	205
139	Northern Iowa	MVC	8-8	+3.01	99.1	258	96.1	40	62.9	350	-.059	297	+6.65	16	107.7	21	101.1	29	+7.10	26
140	Florida Gulf Coast	ASun	10-8	+2.87	109.2	75	106.3	225	71.2	102	-.120	340	-1.71	243	102.0	288	103.7	170	-0.45	188
141	Dayton	A10	7-8	+2.85	105.2	137	102.4	138	67.1	286	-.037	266	+1.86	117	105.1	100	103.3	138	+1.66	126
142	North Dakota St.	Sum	9-7	+2.79	104.1	162	101.3	116	67.6	267	-.003	188	+4.59	41	107.1	30	102.5	89	+3.82	67
143	William & Mary	CAA	11-4	+2.76	113.4	35	110.6	302	71.2	103	+.178	2	+1.16	139	104.7	132	103.5	157	+3.58	73
144	Ball St.	MAC	10-5	+2.72	106.5	118	103.8	173	70.8	116	+.100	28	-0.54	206	104.4	151	104.9	258	-0.15	181
145	Georgia St.	SB	11-6	+2.46	103.5	179	101.0	112	67.6	266	-.022	237	-2.63	271	101.2	314	103.9	180	-1.44	222
146	Connecticut	Amer	8-7	+2.44	101.9	206	99.5	89	69.2	198	+.107	19	+4.36	49	106.4	55	102.0	59	+4.38	54
147	UC Davis	BW	10-5	+2.42	101.1	219	98.7	72	66.7	304	+.055	71	+2.34	103	105.1	101	102.7	110	+3.22	87
148	Penn	Ivy	10-5	+2.40	103.9	164	101.5	122	70.1	145	+.042	89	-2.60	268	102.8	245	105.4	283	-2.67	266
149	Evansville	MVC	11-6	+2.22	101.1	217	98.9	75	64.9	340	+.098	30	-1.27	230	104.2	160	105.5	289	-3.23	280
150	Southern Illinois	MVC	10-7	+2.16	103.8	166	101.6	125	69.3	195	-.000	183	-1.79	247	102.5	263	104.3	213	-3.41	284
151	Albany	AE	12-5	+2.00	107.9	99	105.9	219	67.0	290	-.004	192	-4.91	323	102.2	278	107.1	337	-4.36	300
152	Radford	BSth	10-6	+1.73	104.8	146	103.1	158	65.9	331	+.068	52	+1.68	123	104.6	136	103.0	125	+4.79	47
153	Valparaiso	MVC	10-7	+1.53	100.7	226	99.2	83	71.8	76	+.022	126	+0.10	180	104.0	173	103.9	185	-1.72	236
154	New Mexico	MWC	7-10	+1.46	104.5	156	103.0	153	72.3	58	-.137	345	+2.15	110	104.6	142	102.4	79	+2.18	113
155	Illinois St.	MVC	9-7	+1.46	104.1	161	102.6	143	71.3	94	+.153	10	+5.38	32	106.1	68	100.7	15	+6.10	34
156	Toledo	MAC	9-6	+1.21	109.4	73	108.2	264	69.6	170	+.042	90	-0.92	218	103.9	183	104.8	253	-1.18	208
157	Liberty	BSth	11-5	+1.18	100.3	231	99.1	80	65.1	338	-.081	320	-7.60	345	101.1	317	108.7	351	-5.24	318
158	Drake	MVC	10-7	+1.08	107.4	104	106.3	227	67.6	263	+.039	94	+1.44	131	104.9	118	103.5	153	+1.20	142
159	Northern Colorado	BSky	11-6	+1.01	103.5	175	102.5	140	72.0	65	+.032	103	+1.03	145	103.9	181	102.9	122	+1.09	145
160	Fort Wayne	Sum	12-7	+1.01	104.1	160	103.1	157	74.4	22	-.017	224	-1.30	232	103.4	204	104.7	245	-1.39	215
161	Marshall	CUSA	11-5	+0.83	107.5	102	106.7	234	77.2	4	+.050	79	-4.28	314	102.8	243	107.1	336	-5.17	317
162	Duquesne	A10	12-4	+0.81	103.7	169	102.9	152	66.3	315	+.004	173	-12.19	351	96.3	351	108.5	350	-14.26	349
163	Monmouth	MAAC	5-10	+0.76	102.8	189	102.0	132	70.7	118	-.063	303	+4.35	50	106.7	39	102.4	77	+6.59	30
164	Wofford	SC	10-5	+0.75	108.7	81	107.9	257	66.5	310	+.087	39	+1.16	138	103.5	197	102.3	73	+5.19	44
165	Massachusetts	A10	8-8	+0.53	103.7	170	103.1	159	67.3	277	-.050	282	-1.12	224	102.8	244	103.9	187	-2.49	260
166	Washington St.	P12	8-7	+0.49	105.0	142	104.5	193	70.6	122	+.020	138	+1.60	125	105.6	80	104.0	189	-1.43	220
167	Wright St.	Horz	12-5	+0.42	96.6	297	96.2	41	70.0	153	+.113	17	-1.40	234	103.2	219	104.6	235	+0.66	154
168	Indiana St.	MVC	7-9	+0.38	100.3	236	99.9	94	70.8	117	-.122	342	+2.17	105	104.9	120	102.7	109	+2.02	118
169	Central Michigan	MAC	12-3	+0.02	103.1	185	103.1	156	67.7	259	+.053	76	-7.26	344	100.0	342	107.3	340	-8.32	341
170	Hofstra	CAA	9-7	-0.11	107.8	100	107.9	255	70.4	131	+.135	14	+2.91	84	106.3	58	103.4	149	+4.07	60
171	Ohio	MAC	8-6	-0.15	102.7	193	102.8	149	73.0	44	-.011	212	-2.15	255	102.5	266	104.6	234	-1.89	242
172	Elon	CAA	11-6	-0.28	105.5	133	105.8	216	68.0	248	+.176	4	+1.49	129	104.2	163	102.7	108	+1.83	122
173	UNC Asheville	BSth	8-8	-0.41	103.5	177	103.9	176	72.4	57	+.047	85	+4.26	52	107.0	32	102.8	113	+5.98	36
174	Memphis	Amer	10-6	-0.52	103.4	182	103.9	177	66.8	301	+.155	9	-0.58	208	103.4	203	104.0	195	-3.90	294
175	Canisius	MAAC	9-8	-0.55	104.0	163	104.5	192	68.1	242	-.042	277	-2.60	269	102.6	256	105.2	270	-2.39	255
176	Eastern Washington	BSky	8-9	-0.71	104.6	152	105.3	204	69.5	180	-.072	313	+2.90	86	105.1	103	102.2	66	+5.69	38
177	Western Michigan	MAC	10-5	-0.75	105.4	135	106.1	221	68.3	236	+.082	42	-2.68	273	101.3	313	104.0	191	-1.83	238
178	Troy	SB	7-10	-0.81	106.6	115	107.5	247	69.2	200	-.162	349	+0.52	164	103.3	217	102.7	111	-0.54	191
179	Winthrop	BSth	7-7	-0.82	105.6	132	106.4	228	74.2	24	-.088	323	+2.20	104	104.9	119	102.7	105	+3.81	68
180	Pittsburgh	ACC	8-8	-0.85	101.8	210	102.6	144	66.9	298	+.062	63	+1.77	119	104.3	155	102.5	90	-2.44	259
181	Saint Peter's	MAAC	8-7	-0.94	100.5	230	101.4	119	64.6	341	+.001	180	-2.87	279	102.4	268	105.2	276	-3.04	272
182	Saint Louis	A10	8-8	-1.06	96.9	294	98.0	64	66.1	321	+.012	157	+1.07	142	106.7	42	105.6	292	+0.39	162
183	Eastern Michigan	MAC	9-6	-1.31	102.4	197	103.7	169	67.0	293	-.029	254	-1.61	240	104.7	130	106.3	315	-1.59	231
184	Yale	Ivy	7-9	-1.39	105.7	130	107.0	237	70.3	138	-.024	242	+2.39	97	106.4	56	104.0	190	+2.39	108
185	Harvard	Ivy	6-9	-1.39	96.5	300	97.9	60	68.2	241	+.022	128	+2.90	85	105.8	73	102.9	124	+4.36	56
186	Coastal Carolina	SB	7-10	-1.40	103.9	165	105.3	205	69.4	190	-.155	348	+1.10	141	105.2	95	104.1	200	+1.33	134
187	Army	Pat	8-6	-1.65	102.4	196	104.1	182	72.9	48	-.024	243	-4.71	321	103.3	212	108.0	348	-4.62	305
188	George Washington	A10	8-8	-1.73	101.6	211	103.3	162	64.1	347	+.108	18	+2.36	100	104.9	116	102.6	94	+1.52	128
189	UTSA	CUSA	9-8	-1.79	106.5	121	108.2	265	74.8	15	-.073	315	+0.17	175	104.0	175	103.8	176	+2.19	112
190	Oral Roberts	Sum	7-11	-1.86	105.2	139	107.1	238	67.0	289	+.012	155	+6.17	21	107.7	22	101.5	44	+10.01	8
191	UC Irvine	BW	6-12	-2.19	97.9	280	100.1	101	69.3	196	-.020	232	+7.91	7	109.4	4	101.5	42	+9.29	11
192	St. Francis PA	NEC	9-6	-2.55	108.3	90	110.9	307	70.1	149	+.068	53	-3.10	283	103.3	214	106.4	318	+3.42	79
193	California	P12	7-9	-2.57	102.5	195	105.1	201	72.0	67	+.066	54	+1.21	136	106.2	61	105.0	260	-1.42	219
194	Weber St.	BSky	9-6	-2.66	103.6	172	106.3	226	67.5	269	-.061	302	-5.43	327	101.8	297	107.2	338	-0.39	185
195	Cal St. Fullerton	BW	9-5	-2.86	102.3	199	105.2	202	71.7	78	+.160	8	+0.54	162	105.1	102	104.5	226	+2.70	99
196	Robert Morris	NEC	10-7	-2.89	97.4	287	100.3	105	70.9	112	+.071	50	-2.34	261	102.4	269	104.7	241	+1.44	130
197	Colorado St.	MWC	8-9	-3.02	100.9	221	103.9	179	69.8	164	+.101	26	+3.48	65	104.7	133	101.2	32	+2.72	98
198	Hawaii	BW	10-5	-3.10	97.4	285	100.5	109	70.1	143	+.092	35	-4.41	318	102.6	253	107.0	332	-3.75	291
199	Lamar	Slnd	10-7	-3.21	100.9	222	104.1	183	69.1	207	-.031	258	-2.46	264	101.8	296	104.2	208	-0.02	175
200	Milwaukee	Horz	9-8	-3.35	99.3	251	102.7	145	67.0	291	+.036	96	-3.77	301	102.5	265	106.2	311	-1.70	234
201	Wagner	NEC	10-5	-3.37	100.2	237	103.6	167	69.4	186	+.103	25	-4.52	319	102.2	279	106.7	325	+0.74	151
202	High Point	BSth	7-7	-3.48	100.3	235	103.8	172	67.2	284	-.112	338	-1.49	236	103.9	182	105.4	284	+0.36	165
203	Texas Southern	SWAC	3-13	-3.54	104.6	153	108.1	261	72.0	68	-.054	285	+12.95	2	110.9	1	98.0	3	+17.87	1
204	Colgate	Pat	7-7	-3.61	105.5	134	109.1	275	69.0	210	-.006	203	-3.79	302	102.0	290	105.8	300	-1.40	218
205	Texas St.	SB	10-7	-3.68	98.6	272	102.3	137	64.3	344	-.022	236	-5.52	329	100.8	329	106.3	312	-6.50	333
206	North Texas	CUSA	9-8	-3.73	100.6	228	104.3	188	67.0	292	-.002	185	+0.06	183	102.7	251	102.6	101	+0.86	148
207	Central Arkansas	Slnd	8-9	-3.83	104.7	150	108.5	270	75.2	10	-.057	290	-2.81	278	101.1	318	103.9	186	-1.04	202
208	Pacific	WCC	7-10	-3.83	103.7	171	107.5	248	69.0	209	+.026	117	+4.07	56	106.1	67	102.0	61	+1.87	120
209	Seattle	WAC	11-7	-3.86	106.1	126	110.0	290	68.7	222	+.003	177	-4.96	324	100.9	325	105.9	301	-5.50	321
210	Stony Brook	AE	7-9	-3.90	99.5	248	103.4	164	70.6	125	+.045	86	+0.10	181	104.2	167	104.1	198	+2.18	114
211	South Alabama	SB	8-8	-3.98	96.0	307	99.9	95	71.3	99	-.004	195	-2.16	256	101.2	315	103.4	147	-4.25	298
212	Fairfield	MAAC	6-9	-4.01	100.3	234	104.3	187	71.0	109	+.009	165	-0.01	186	103.1	230	103.1	133	-1.52	227
213	Tennessee Tech	OVC	11-6	-4.03	102.9	188	107.0	236	73.2	41	+.151	11	-1.28	231	102.9	241	104.2	201	+0.37	164
214	UMBC	AE	10-7	-4.18	105.0	143	109.2	279	69.6	172	+.059	66	-1.14	226	104.0	172	105.2	274	-1.57	229
215	Navy	Pat	11-5	-4.20	100.6	227	104.8	199	66.7	306	+.166	6	-6.45	338	100.3	336	106.8	326	-4.94	311
216	Austin Peay	OVC	9-7	-4.41	99.2	252	103.6	168	68.7	223	+.026	114	-2.31	260	102.3	273	104.6	233	+4.25	58
217	Manhattan	MAAC	7-9	-4.54	99.2	253	103.7	170	68.3	235	+.013	152	-2.60	267	102.1	285	104.7	239	-2.12	251
218	Niagara	MAAC	9-8	-4.57	108.0	98	112.5	326	73.6	33	+.100	27	-1.98	250	103.3	216	105.2	279	-1.06	204
219	New Orleans	Slnd	7-8	-4.59	98.4	277	103.0	154	66.9	297	+.047	84	+5.28	34	106.9	35	101.7	48	+12.30	3
220	Montana St.	BSky	11-6	-4.70	101.1	216	105.8	218	70.3	135	+.151	12	-3.64	297	103.7	191	107.3	341	-0.99	201
221	Appalachian St.	SB	8-9	-5.22	101.9	207	107.1	239	72.8	50	+.010	162	+0.22	172	104.4	149	104.2	204	+0.14	171
222	Richmond	A10	3-12	-5.26	100.3	233	105.6	213	68.0	244	-.057	291	+4.50	46	106.6	47	102.1	64	+5.49	41
223	Tennessee St.	OVC	6-9	-5.30	94.5	322	99.8	92	66.2	318	-.035	262	+0.84	152	104.3	152	103.5	156	+4.35	57
224	Southern Miss	CUSA	9-8	-5.34	103.1	184	108.5	269	65.9	328	+.016	146	+2.47	95	104.7	128	102.3	71	+3.28	84
225	Kent St.	MAC	7-8	-5.35	101.3	214	106.7	233	71.3	98	-.019	227	-3.45	292	101.5	306	104.9	259	-3.49	286
226	Southeastern Louisiana	Slnd	9-7	-5.35	100.2	239	105.5	212	67.9	249	+.105	20	+1.27	134	103.9	184	102.6	102	+2.30	110
227	Akron	MAC	7-7	-5.58	102.0	205	107.6	250	69.5	176	+.033	100	-2.75	275	103.6	192	106.4	317	-4.61	304
228	Lehigh	Pat	7-7	-5.59	103.0	186	108.6	271	72.3	60	+.097	31	-1.74	245	103.3	209	105.1	265	+0.17	170
229	Nicholls St.	Slnd	9-8	-5.64	100.8	224	106.4	230	76.8	6	-.072	312	-0.20	190	104.6	141	104.8	250	+4.00	62
230	UTEP	CUSA	6-10	-5.77	98.6	271	104.4	190	69.4	185	-.070	311	-2.74	274	101.6	301	104.3	216	-2.10	250
231	Long Beach St.	BW	7-11	-5.81	104.5	154	110.3	295	73.4	36	+.034	98	+5.93	25	107.3	28	101.3	36	+7.40	23
232	Cal St. Bakersfield	WAC	7-9	-5.87	95.6	314	101.4	120	66.8	300	+.062	62	+6.65	15	108.3	9	101.6	46	+6.33	31
233	Illinois Chicago	Horz	6-10	-5.90	94.4	324	100.3	106	71.4	92	-.109	336	+0.13	178	103.9	185	103.8	172	-1.43	221
234	Campbell	BSth	7-8	-5.92	105.2	136	111.2	312	68.6	225	-.179	350	-7.17	340	100.6	332	107.8	346	-7.99	338
235	Bowling Green	MAC	10-5	-5.92	102.1	203	108.0	259	74.2	25	+.164	7	-4.88	322	101.0	321	105.9	303	-4.92	309
236	UT Rio Grande Valley	WAC	9-8	-6.19	98.4	276	104.6	194	76.1	7	+.083	41	-3.02	281	100.3	337	103.3	140	-2.76	267
237	Boston University	Pat	6-8	-6.40	102.7	191	109.1	277	70.1	151	+.080	45	-1.14	227	102.5	264	103.6	162	-1.29	209
238	Northern Illinois	MAC	8-7	-6.45	102.7	192	109.1	278	68.6	224	+.021	132	-3.99	305	101.1	319	105.1	264	-4.27	299
239	Binghamton	AE	9-7	-6.47	100.8	223	107.3	241	66.2	319	-.030	256	-7.96	346	99.1	347	107.0	335	-6.89	335
240	Columbia	Ivy	3-10	-6.49	102.3	200	108.8	273	71.8	71	-.103	334	+0.39	167	103.9	187	103.5	155	+0.39	161
241	Brown	Ivy	7-6	-6.49	99.7	245	106.2	222	72.4	56	+.023	124	-5.87	334	101.7	298	107.6	342	-5.87	324
242	George Mason	A10	7-9	-6.52	98.9	264	105.4	208	68.4	233	+.105	22	+0.42	165	105.0	110	104.5	229	-1.93	244
243	NJIT	ASun	8-8	-6.74	99.1	261	105.8	217	68.8	217	+.010	161	-3.52	294	103.1	232	106.6	323	-2.00	247
244	Eastern Illinois	OVC	6-9	-6.78	97.2	291	104.0	180	65.7	334	+.039	95	+1.91	114	103.4	205	101.5	41	+2.58	102
245	Cornell	Ivy	6-7	-6.90	103.7	168	110.6	303	71.7	77	+.066	55	-1.50	237	104.2	162	105.7	298	-1.50	226
246	Delaware	CAA	9-8	-6.95	103.8	167	110.7	305	65.8	333	+.041	91	-3.66	298	102.6	254	106.2	310	-3.40	282
247	Loyola Marymount	WCC	5-10	-6.97	103.5	178	110.4	298	69.2	197	-.055	286	+0.71	158	104.7	131	104.0	193	-1.86	240
248	Sam Houston St.	Slnd	8-8	-7.06	97.6	284	104.7	197	67.5	271	+.022	129	+0.97	148	104.8	125	103.8	178	+4.36	55
249	James Madison	CAA	4-13	-7.16	102.3	202	109.4	282	69.5	179	-.041	275	-0.46	201	104.2	161	104.7	242	-1.72	235
250	New Hampshire	AE	5-11	-7.18	99.4	249	106.6	232	66.9	295	-.153	346	-2.79	276	103.3	210	106.1	308	-3.15	275
251	Prairie View A&M	SWAC	5-12	-7.44	99.2	256	106.6	231	71.8	73	-.020	233	+6.27	20	106.8	38	100.5	12	+9.91	9
252	Abilene Christian	Slnd	10-7	-7.51	99.6	247	107.1	240	71.2	105	+.090	36	-4.25	313	101.5	307	105.7	296	-1.38	213
253	Drexel	CAA	7-10	-7.77	99.2	254	106.9	235	69.6	173	+.098	29	-0.75	214	105.2	97	106.0	305	-0.46	189
254	Fordham	A10	6-9	-7.80	93.8	329	101.6	126	66.6	307	+.023	125	-3.71	300	100.2	340	103.9	183	-4.46	302
255	UC Riverside	BW	5-11	-7.91	94.8	318	102.7	147	69.2	199	-.095	330	+2.15	108	105.8	76	103.6	160	+1.49	129
256	Miami OH	MAC	8-7	-7.94	95.9	309	103.9	174	67.4	274	+.178	3	+1.13	140	103.6	193	102.5	82	+2.15	115
257	Arkansas St.	SB	6-11	-8.13	102.0	204	110.2	293	70.9	110	-.050	280	-1.43	235	103.0	236	104.5	221	-2.96	271
258	Idaho St.	BSky	8-6	-8.24	96.1	304	104.3	186	70.1	150	+.043	88	-5.41	326	102.3	274	107.7	343	-2.36	254
259	Samford	SC	6-10	-8.41	107.0	109	115.4	343	67.9	251	-.037	265	+0.05	184	102.9	240	102.8	118	+3.13	90
260	Western Illinois	Sum	8-6	-8.46	96.0	306	104.4	191	70.0	152	+.062	60	-3.26	285	101.9	292	105.2	273	-6.15	326
261	Santa Clara	WCC	6-10	-8.76	99.1	257	107.9	254	66.0	325	-.030	257	-5.77	331	101.5	305	107.3	339	-6.28	328
262	Gardner Webb	BSth	7-9	-8.81	98.7	270	107.5	249	69.1	204	+.034	99	+3.23	71	104.5	146	101.3	33	+7.75	20
263	Southeast Missouri St.	OVC	7-10	-8.88	107.0	108	115.9	345	69.3	193	-.003	190	-0.53	205	102.3	271	102.9	120	-1.31	210
264	Charlotte	CUSA	5-9	-8.91	97.3	289	106.2	223	73.2	40	+.007	168	-1.77	246	102.3	270	104.1	199	-3.11	273
265	Nebraska Omaha	Sum	5-13	-8.96	103.0	187	111.9	319	73.1	42	-.014	220	+5.23	36	108.2	10	103.0	128	+5.58	40
266	Hampton	MEAC	5-11	-9.06	98.9	262	108.0	258	73.3	38	-.153	347	+1.56	127	105.3	94	103.8	171	+3.15	89
267	Florida Atlantic	CUSA	6-9	-9.22	92.4	340	101.6	124	71.7	80	-.040	272	+1.95	113	104.8	127	102.8	117	+2.48	105
268	Tennessee Martin	OVC	6-11	-9.37	101.3	215	110.6	301	65.9	329	-.050	281	-0.92	219	102.8	246	103.7	167	-1.88	241
269	Louisiana Monroe	SB	7-8	-9.40	101.1	218	110.5	299	66.1	322	-.011	214	-4.19	311	100.9	323	105.1	269	-2.25	253
270	Fairleigh Dickinson	NEC	5-10	-9.48	98.8	265	108.3	266	72.3	59	-.020	229	+2.72	89	104.6	139	101.9	54	+8.15	16
271	Denver	Sum	6-10	-9.51	98.8	266	108.3	267	68.5	226	-.005	198	-2.03	253	102.1	281	104.2	202	-3.15	276
272	Lafayette	Pat	4-10	-9.62	96.3	302	105.9	220	69.6	174	-.122	343	-3.29	288	103.1	229	106.4	319	-1.47	225
273	FIU	CUSA	7-9	-9.88	94.4	323	104.3	185	70.3	136	-.110	337	-5.45	328	100.8	328	106.2	309	-6.36	331
274	Western Carolina	SC	6-9	-9.96	98.5	274	108.5	268	70.4	133	+.116	16	+3.74	59	105.0	106	101.3	35	+7.82	18
275	Siena	MAAC	5-12	-9.96	97.7	282	107.7	253	69.2	203	-.022	238	-2.02	252	104.5	144	106.5	321	+1.04	146
276	St. Francis NY	NEC	5-11	-10.04	97.3	288	107.4	243	70.8	115	-.028	250	-0.82	216	102.5	262	103.3	143	+0.31	167
277	Cal Poly	BW	6-10	-10.05	100.3	232	110.4	296	67.8	255	+.053	75	+0.75	156	104.6	137	103.9	182	+1.75	124
278	UMKC	WAC	5-12	-10.17	94.5	320	104.7	196	72.0	70	-.059	298	+1.06	143	106.1	70	105.0	262	+2.06	117
279	Hartford	AE	8-8	-10.17	100.0	241	110.2	294	67.2	283	+.054	72	-6.79	339	100.1	341	106.9	329	-7.70	337
280	IUPUI	Horz	4-11	-10.18	100.7	225	110.9	308	67.3	281	-.009	209	+3.03	76	103.5	198	100.5	11	+4.48	52
281	Chattanooga	SC	6-10	-10.27	94.5	319	104.8	198	67.1	288	-.038	267	-2.00	251	103.4	207	105.4	281	-1.37	212
282	Mount St. Mary's	NEC	8-9	-10.48	98.8	267	109.3	280	66.2	316	+.031	105	-4.07	306	102.6	255	106.6	324	-1.16	207
283	Loyola MD	Pat	4-10	-10.49	96.9	295	107.4	246	70.4	132	-.003	191	-1.85	249	103.2	220	105.1	266	-0.50	190
284	North Carolina Central	MEAC	7-8	-10.62	99.8	243	110.4	297	66.7	305	+.022	127	-3.46	293	102.1	283	105.6	291	-1.85	239
285	North Dakota	BSky	4-11	-10.63	98.9	263	109.5	284	73.6	34	-.012	216	+4.53	45	106.6	45	102.1	63	+6.60	29
286	LIU Brooklyn	NEC	6-11	-10.76	99.1	260	109.8	286	73.7	30	-.008	207	-5.26	325	100.5	335	105.8	299	-4.93	310
287	Morehead St.	OVC	4-11	-10.77	96.6	296	107.4	245	68.8	219	-.057	293	+3.83	58	106.9	36	103.0	129	+7.84	17
288	Sacramento St.	BSky	4-12	-10.79	97.1	293	107.9	256	67.5	270	-.020	231	+3.62	61	105.6	79	102.0	57	+3.61	72
289	Central Connecticut	NEC	8-9	-10.82	99.1	259	109.9	288	66.2	320	+.062	61	-4.09	307	100.8	327	104.9	255	-3.20	278
290	Air Force	MWC	6-9	-10.89	97.2	290	108.1	262	66.5	312	+.028	111	-1.26	229	102.6	257	103.8	177	-5.10	316
291	Detroit	Horz	4-13	-10.93	101.4	213	112.3	323	75.8	9	-.035	261	+2.72	90	105.2	96	102.5	86	+4.42	53
292	UNC Wilmington	CAA	4-12	-11.00	103.3	183	114.3	339	75.0	12	-.068	308	-0.37	197	103.9	186	104.2	209	+1.24	140
293	Dartmouth	Ivy	4-8	-11.06	99.6	246	110.7	304	69.3	191	-.017	223	-4.15	310	100.7	330	104.8	254	-5.08	315
294	Houston Baptist	Slnd	4-12	-11.08	99.9	242	111.0	310	72.0	66	-.121	341	+5.84	27	106.8	37	101.0	24	+10.02	7
295	Little Rock	SB	4-13	-11.12	92.7	337	103.8	171	66.8	303	-.058	294	+1.18	137	103.2	223	102.0	60	+0.73	152
296	North Carolina A&T	MEAC	7-8	-11.34	98.5	273	109.9	287	70.1	148	+.052	78	-0.66	210	102.7	252	103.3	142	-0.66	195
297	Pepperdine	WCC	3-13	-11.44	102.4	198	113.8	335	68.5	228	-.058	296	+1.04	144	104.7	134	103.6	161	-0.98	199
298	Texas A&M Corpus Chris	Slnd	4-9	-11.47	95.9	310	107.4	244	67.3	278	-.029	253	+1.46	130	104.0	177	102.5	87	+6.24	32
299	Quinnipiac	MAAC	5-11	-11.48	102.8	190	114.2	338	68.5	229	+.074	48	-2.64	272	102.0	289	104.7	236	-2.60	263
300	Morgan St.	MEAC	6-9	-11.61	100.1	240	111.7	316	71.4	90	-.023	239	-2.36	262	101.5	304	103.9	181	+1.33	136
301	Portland	WCC	6-11	-11.66	99.8	244	111.4	313	68.4	231	-.004	196	+1.58	126	104.0	179	102.4	78	+1.12	144
302	North Florida	ASun	6-12	-11.85	104.3	159	116.2	346	74.9	14	+.017	142	+8.24	6	108.4	8	100.1	6	+10.17	6
303	Eastern Kentucky	OVC	6-11	-11.89	97.4	286	109.3	281	68.8	220	+.010	163	-1.59	239	103.3	215	104.9	257	-0.13	179
304	UMass Lowell	AE	6-8	-11.92	102.3	201	114.2	337	72.1	63	+.025	120	-7.18	341	100.5	334	107.7	344	-8.21	340
305	Rice	CUSA	4-13	-11.95	95.6	313	107.6	251	69.3	194	-.075	318	+0.82	154	103.2	226	102.3	74	+1.83	121
306	Stetson	ASun	8-9	-12.08	98.0	279	110.1	292	71.4	91	+.021	131	-1.61	241	101.7	299	103.3	145	-2.52	261
307	Green Bay	Horz	7-11	-12.11	94.3	326	106.4	229	73.1	43	+.021	136	-3.96	303	102.5	261	106.5	320	+0.33	166
308	Charleston Southern	BSth	6-8	-12.11	96.1	305	108.2	263	67.9	253	-.092	327	-2.61	270	102.6	258	105.2	272	-1.39	214
309	San Jose St.	MWC	3-12	-12.49	91.9	343	104.4	189	68.3	238	-.056	289	-0.29	192	104.4	148	104.7	240	-1.56	228
310	South Florida	Amer	7-10	-12.65	95.0	316	107.6	252	64.5	342	+.049	82	-7.24	343	99.7	345	107.0	330	-11.21	347
311	Cleveland St.	Horz	4-12	-13.07	95.7	312	108.8	272	69.3	192	-.100	332	-4.12	308	101.3	312	105.4	285	-0.64	194
312	Southern Utah	BSky	6-9	-13.16	104.5	155	117.6	349	74.4	19	+.088	38	+2.15	109	105.0	112	102.8	115	+4.90	46
313	East Carolina	Amer	7-8	-13.20	92.4	339	105.6	214	69.9	155	+.084	40	-10.65	350	97.1	349	107.8	345	-15.81	350
314	SIU Edwardsville	OVC	6-9	-13.33	100.2	238	113.5	333	70.2	141	+.174	5	+0.07	182	103.2	221	103.2	134	+0.01	174
315	Holy Cross	Pat	3-11	-13.40	97.8	281	111.2	311	65.1	339	+.049	83	-2.51	265	102.1	287	104.6	230	-1.91	243
316	Southern	SWAC	5-11	-13.42	96.2	303	109.6	285	69.8	162	-.000	184	+4.81	39	106.5	53	101.7	49	+8.51	13
317	McNeese St.	Slnd	6-9	-13.99	98.1	278	112.1	320	68.9	213	-.089	325	-0.33	193	103.4	202	103.8	173	+7.32	25
318	Youngstown St.	Horz	5-11	-14.19	98.5	275	112.7	330	73.7	29	+.050	80	+0.68	160	103.5	199	102.8	116	+4.00	63
319	American	Pat	3-11	-14.19	95.7	311	109.9	289	67.7	262	-.021	235	-0.73	213	104.4	147	105.2	271	-1.44	223
320	Sacred Heart	NEC	6-11	-14.48	92.9	334	107.3	242	69.5	182	+.040	93	-5.85	333	100.7	331	106.5	322	-2.89	269
321	Kennesaw St.	ASun	4-12	-14.60	95.9	308	110.5	300	69.4	187	+.023	123	+3.26	69	106.7	43	103.4	152	+3.72	69
322	Savannah St.	MEAC	4-12	-15.01	98.7	269	113.7	334	81.9	2	+.056	70	+15.43	1	110.9	2	95.4	1	+17.45	2
323	Maine	AE	4-13	-15.38	90.3	347	105.7	215	71.5	85	-.040	270	-0.08	187	103.1	228	103.2	135	-0.07	177
324	Incarnate Word	Slnd	5-8	-15.38	96.5	299	111.9	318	72.9	46	-.008	205	+0.83	153	104.5	143	103.7	169	+7.79	19
325	Presbyterian	BSth	8-8	-15.68	97.7	283	113.4	332	65.9	330	+.105	21	-4.39	317	100.8	326	105.2	275	-3.80	292
326	Bethune Cookman	MEAC	7-9	-15.93	95.5	315	111.4	314	75.0	13	+.029	107	-7.22	342	99.1	346	106.3	316	-5.05	313
327	Marist	MAAC	3-12	-15.94	96.6	298	112.5	324	70.6	123	-.011	213	-4.13	309	102.9	239	107.0	334	-2.06	248
328	VMI	SC	5-9	-16.00	92.1	341	108.1	260	70.3	137	-.023	240	-0.81	215	103.7	190	104.5	228	-2.07	249
329	USC Upstate	ASun	5-13	-16.03	105.2	138	121.2	351	68.0	247	-.073	314	+2.39	98	104.9	114	102.6	92	+2.78	96
330	The Citadel	SC	5-10	-16.11	97.2	292	113.3	331	82.5	1	+.053	74	+0.85	150	105.6	81	104.7	243	+0.80	149
331	Norfolk St.	MEAC	3-12	-16.69	94.1	328	110.8	306	70.5	129	+.020	137	-0.48	202	102.0	291	102.4	81	+1.40	132
332	Northwestern St.	Slnd	3-12	-17.30	91.8	344	109.1	274	70.1	144	-.060	300	+4.02	57	105.0	104	101.0	27	+11.01	5
333	Grambling St.	SWAC	4-12	-17.32	92.7	336	110.1	291	71.8	74	+.019	139	-1.21	228	102.1	280	103.4	146	+2.83	93
334	Northern Arizona	BSky	3-14	-17.39	92.0	342	109.4	283	71.6	81	-.025	245	+1.70	122	104.2	164	102.5	84	+3.57	75
335	Jackson St.	SWAC	6-10	-17.66	93.3	331	111.0	309	63.1	349	+.094	33	-0.39	198	104.9	122	105.2	278	+5.48	42
336	Howard	MEAC	3-15	-18.21	94.3	325	112.5	327	71.2	104	-.028	248	-0.01	185	103.5	201	103.5	154	+2.52	104
337	Jacksonville	ASun	7-11	-18.25	94.3	327	112.5	325	69.9	157	+.013	153	-3.96	304	101.5	303	105.5	287	-3.59	287
338	Cal St. Northridge	BW	3-12	-19.26	93.0	332	112.3	322	66.8	302	-.026	247	-3.58	296	102.1	282	105.7	297	-3.12	274
339	Alabama St.	SWAC	2-13	-19.73	92.8	335	112.6	329	71.5	84	-.040	269	+0.52	163	103.1	234	102.5	88	+5.09	45
340	Bryant	NEC	2-15	-20.01	96.4	301	116.4	347	70.6	121	+.031	104	-0.51	203	103.1	227	103.6	163	+2.11	116
341	Maryland Eastern Shore	MEAC	5-12	-20.60	94.9	317	115.5	344	67.3	282	+.064	59	+5.98	23	107.0	33	101.0	26	+8.79	12
342	Florida A&M	MEAC	2-16	-20.72	94.5	321	115.2	342	67.8	256	+.024	122	+5.28	35	105.4	87	100.1	7	+7.73	21
343	South Carolina St.	MEAC	5-12	-21.44	92.5	338	114.0	336	73.3	39	+.078	46	+1.51	128	104.8	126	103.3	139	+4.53	50
344	Arkansas Pine Bluff	SWAC	2-14	-21.54	91.0	345	112.5	328	69.4	188	+.018	141	+0.11	179	103.3	213	103.2	136	+2.93	91
345	Alcorn St.	SWAC	4-12	-21.89	92.9	333	114.8	341	68.9	214	-.029	251	+6.78	14	107.9	17	101.1	30	+11.07	4
346	Chicago St.	WAC	2-16	-23.88	93.5	330	117.3	348	72.4	54	-.060	299	+7.17	9	108.6	6	101.4	38	+7.34	24
347	Coppin St.	MEAC	0-17	-24.33	87.3	348	111.6	315	67.6	264	-.056	288	+3.25	70	104.1	170	100.8	19	+6.04	35
348	Alabama A&M	SWAC	1-15	-24.87	86.9	349	111.8	317	69.5	175	-.028	249	+1.70	121	105.0	105	103.3	144	+5.69	37
349	Longwood	BSth	4-12	-25.82	86.4	351	112.2	321	71.3	95	-.021	234	-3.40	291	102.2	277	105.6	293	+0.10	172
350	Delaware St.	MEAC	2-15	-27.14	90.7	346	117.9	350	65.9	326	-.089	324	-0.45	200	103.3	218	103.7	168	+2.44	107
351	Mississippi Valley St.	SWAC	0-15	-27.69	86.6	350	114.3	340	68.0	245	-.012	217	+5.18	37	106.6	51	101.4	37	+8.26	15
