1	Villanova	BE	20-1	+32.50	128.4	1	95.9	32	68.4	173	+.023	125	+7.92	18	108.8	24	100.8	18	+3.83	73
2	Virginia	ACC	21-1	+31.97	114.2	38	82.2	1	59.7	351	+.024	124	+6.40	36	108.8	23	102.4	57	-0.78	190
3	Purdue	B10	22-2	+31.03	123.5	3	92.4	11	67.6	214	+.030	113	+6.10	43	107.8	49	101.7	33	+0.82	151
4	Duke	ACC	19-3	+28.45	125.9	2	97.4	53	72.2	31	+.027	118	+7.45	24	108.3	34	100.8	20	+3.99	69
5	Cincinnati	Amer	20-2	+27.36	112.5	55	85.2	2	65.4	307	-.011	199	-0.89	181	103.4	221	104.3	154	-4.50	299
6	Michigan St.	B10	21-3	+27.11	119.4	10	92.3	9	67.9	201	+.007	166	+2.64	94	106.1	94	103.5	98	-4.83	308
7	Gonzaga	WCC	19-4	+24.19	120.5	6	96.4	36	69.5	117	-.038	265	+0.01	155	105.8	107	105.8	238	+3.82	74
8	Kansas	B12	18-4	+23.81	118.3	13	94.5	22	69.7	104	+.049	81	+9.65	4	110.1	10	100.4	13	+4.26	63
9	Tennessee	SEC	16-5	+23.76	115.6	27	91.8	7	67.1	238	-.022	225	+10.50	3	111.4	1	100.9	21	+7.65	19
10	Auburn	SEC	20-2	+23.66	118.7	12	95.0	25	72.9	21	+.012	152	+5.28	52	108.0	40	102.8	74	-1.27	208
11	Xavier	BE	20-3	+21.81	119.1	11	97.3	49	71.1	50	+.111	17	+7.68	20	108.6	26	101.0	23	+2.14	106
12	North Carolina	ACC	16-7	+21.71	117.4	18	95.7	28	71.9	36	-.027	237	+10.92	1	110.4	4	99.5	3	+7.15	26
13	Texas Tech	B12	18-4	+21.70	111.4	64	89.7	3	67.4	220	+.026	119	+4.40	67	106.3	84	101.9	41	-5.10	314
14	Ohio St.	B10	19-5	+21.67	116.1	20	94.4	20	67.0	245	+.014	145	+5.62	47	107.8	47	102.2	49	+0.08	166
15	Saint Mary's	WCC	21-2	+21.00	122.1	4	101.1	111	64.0	337	-.033	254	-1.55	203	103.9	188	105.4	214	-3.27	272
16	Clemson	ACC	18-4	+20.62	114.7	33	94.1	16	66.1	277	+.069	52	+7.35	25	108.5	28	101.1	26	-1.15	202
17	Nevada	MWC	19-4	+20.31	119.7	8	99.4	85	69.6	107	-.064	304	+3.85	79	106.0	97	102.2	50	+4.58	56
18	West Virginia	B12	16-6	+19.44	115.2	30	95.8	30	71.3	42	-.003	188	+6.52	33	106.4	83	99.8	6	-4.14	292
19	Arizona	P12	19-4	+19.34	119.6	9	100.3	94	68.5	165	+.058	70	+5.00	59	107.4	57	102.4	58	+3.15	85
20	Wichita St.	Amer	17-4	+19.27	117.9	16	98.6	71	68.9	144	-.004	190	+2.56	96	105.9	104	103.4	96	+1.96	116
21	TCU	B12	16-6	+19.25	120.8	5	101.6	119	69.4	121	-.061	295	+7.22	28	109.9	11	102.7	72	-0.27	176
22	Butler	BE	16-7	+19.04	116.0	22	96.9	46	67.9	199	+.011	154	+8.94	10	109.9	12	100.9	22	+1.84	121
23	Creighton	BE	17-5	+18.94	116.1	21	97.2	48	72.2	30	+.035	106	+5.23	55	108.1	36	102.9	79	-4.15	293
24	Michigan	B10	18-6	+18.80	113.5	47	94.7	24	63.7	344	+.012	153	+5.26	53	107.8	48	102.5	61	-4.71	305
25	Florida St.	ACC	16-6	+18.32	117.6	17	99.3	80	71.6	41	-.062	299	+3.99	76	105.9	103	101.9	43	-7.07	334
26	Oklahoma	B12	16-5	+18.29	118.3	14	100.0	92	76.0	5	+.050	80	+9.47	5	110.3	7	100.8	19	+2.43	102
27	Arizona St.	P12	16-5	+18.02	119.9	7	101.9	123	71.1	48	-.029	245	+4.53	65	106.4	82	101.9	39	+1.01	148
28	Kentucky	SEC	17-5	+17.94	113.6	46	95.7	29	69.2	129	+.030	112	+8.31	14	108.7	25	100.4	12	+5.15	43
29	Florida	SEC	15-7	+17.93	115.9	23	98.0	61	68.6	162	-.021	222	+8.92	11	109.3	18	100.3	11	+4.25	65
30	Seton Hall	BE	17-5	+17.58	113.8	42	96.3	34	69.8	94	+.031	110	+6.27	38	107.1	65	100.8	17	+0.81	152
31	Louisville	ACC	16-6	+17.42	111.4	63	94.0	15	70.1	84	+.026	120	+5.57	49	107.9	44	102.3	54	-1.60	222
32	Miami FL	ACC	16-5	+17.25	111.0	67	93.7	13	67.5	217	+.007	164	+4.89	60	107.0	69	102.1	48	-2.48	245
33	Texas A&M	SEC	14-8	+17.08	108.4	102	91.3	5	67.9	195	-.028	243	+9.37	7	111.3	2	101.9	42	+5.25	41
34	Rhode Island	A10	18-3	+16.33	112.7	50	96.4	37	69.6	110	+.037	103	+1.25	121	105.2	132	103.9	130	+4.36	60
35	Texas	B12	14-8	+16.25	106.9	125	90.7	4	66.1	275	-.011	197	+9.42	6	109.7	14	100.3	10	+2.53	98
36	Maryland	B10	15-9	+16.19	113.8	43	97.6	54	67.2	233	-.049	282	+6.81	31	108.3	33	101.5	29	-4.91	310
37	Notre Dame	ACC	13-9	+16.19	113.5	48	97.3	50	64.7	328	-.102	337	+6.11	42	108.4	31	102.3	53	-2.62	253
38	Virginia Tech	ACC	16-6	+16.03	115.9	24	99.9	91	71.0	58	+.006	167	+2.68	93	106.3	86	103.6	104	-8.41	339
39	Houston	Amer	16-5	+15.99	112.7	52	96.7	41	68.8	149	-.019	217	-0.05	156	104.7	150	104.8	176	-2.80	258
40	New Mexico St.	WAC	19-3	+15.94	108.3	104	92.3	10	67.3	225	+.059	68	+1.41	116	105.4	121	104.0	135	+4.22	66
41	Kansas St.	B12	16-6	+15.77	114.8	32	99.0	76	65.5	305	+.003	172	+4.37	69	108.1	38	103.8	114	-6.00	322
42	Missouri	SEC	14-8	+15.71	114.3	36	98.6	70	65.1	316	-.039	267	+8.19	15	107.5	56	99.3	2	+0.99	149
43	SMU	Amer	15-7	+15.20	114.3	37	99.1	77	63.9	340	-.068	309	-0.73	175	103.3	224	104.0	134	-3.32	274
44	Middle Tennessee	CUSA	16-5	+15.16	109.1	90	93.9	14	66.2	271	+.016	139	+5.63	46	108.2	35	102.6	70	+9.72	9
45	USC	P12	17-6	+14.83	115.9	25	101.1	109	69.0	136	+.007	162	+3.48	83	106.4	81	103.0	82	+3.71	78
46	Western Kentucky	CUSA	15-6	+14.75	112.6	53	97.9	59	69.6	113	-.048	281	+3.43	84	106.7	75	103.3	92	+4.78	49
47	Boise St.	MWC	18-4	+14.62	108.9	93	94.3	18	69.0	133	+.056	71	+1.38	117	106.0	100	104.6	170	-1.06	198
48	Syracuse	ACC	15-7	+14.51	106.7	132	92.1	8	63.8	343	-.037	263	+4.31	73	107.4	58	103.1	87	-0.03	167
49	Baylor	B12	12-10	+14.32	111.3	65	97.0	47	66.2	272	-.110	340	+7.65	21	109.2	20	101.5	30	-2.97	262
50	Arkansas	SEC	15-7	+14.27	115.4	28	101.1	110	70.5	75	+.054	72	+7.98	17	109.7	15	101.7	34	+1.43	137
51	Marquette	BE	13-9	+14.20	118.1	15	103.9	156	69.7	102	-.022	226	+8.88	12	110.8	3	101.9	40	-0.13	172
52	BYU	WCC	18-5	+13.89	109.5	83	95.6	27	67.0	242	+.010	156	-1.00	186	105.5	118	106.5	275	-1.28	209
53	Penn St.	B10	15-9	+13.42	109.7	80	96.3	35	69.1	132	-.086	323	+2.21	102	105.7	111	103.5	100	-6.23	327
54	Louisiana Lafayette	SB	19-3	+13.18	111.6	60	98.5	67	70.4	79	+.084	37	-2.94	250	103.2	233	106.1	254	-0.10	170
55	Loyola Chicago	MVC	18-5	+12.86	109.6	81	96.7	42	65.4	310	+.040	99	-0.63	171	102.3	283	102.9	81	-6.06	323
56	Nebraska	B10	17-8	+12.85	109.5	84	96.6	39	67.7	208	+.052	76	+5.25	54	107.1	63	101.9	38	-3.47	279
57	UCLA	P12	15-7	+12.82	115.2	29	102.4	130	70.7	66	-.024	228	+3.13	88	105.2	131	102.1	47	+3.01	89
58	Georgia	SEC	13-8	+12.44	106.7	128	94.3	19	64.1	335	-.002	185	+7.63	22	110.3	6	102.7	73	+1.73	129
59	Alabama	SEC	14-8	+12.26	107.8	109	95.6	26	69.5	116	+.032	108	+8.16	16	108.1	37	100.0	7	+4.54	57
60	Murray St.	OVC	16-5	+12.26	116.2	19	103.9	155	66.8	252	-.057	289	-4.08	288	102.1	297	106.2	260	+0.57	160
61	San Diego St.	MWC	12-8	+12.19	111.6	61	99.4	84	69.6	108	-.109	339	+2.59	95	105.7	115	103.1	88	+1.35	140
62	Vermont	AE	18-5	+12.10	115.7	26	103.6	149	63.9	342	-.034	255	-0.22	161	104.1	177	104.4	159	+4.77	51
63	Providence	BE	14-8	+12.08	110.9	70	98.8	75	67.3	226	+.047	86	+7.26	27	108.9	22	101.6	32	-0.47	184
64	Utah	P12	13-8	+11.92	111.5	62	99.5	86	66.6	260	+.022	127	+7.76	19	110.1	9	102.3	55	+0.55	161
65	North Carolina St.	ACC	15-7	+11.88	114.1	39	102.2	127	71.1	51	+.036	105	+3.15	87	105.2	134	102.0	45	-9.76	344
66	East Tennessee St.	SC	19-4	+11.68	107.9	108	96.2	33	67.3	223	+.045	91	-2.46	235	104.3	165	106.8	290	-0.35	180
67	Mississippi St.	SEC	16-6	+11.62	105.2	157	93.6	12	68.4	175	+.032	109	+1.63	111	106.3	90	104.6	172	-10.26	345
68	Old Dominion	CUSA	16-4	+11.62	109.0	91	97.4	51	64.2	333	+.014	143	-2.70	242	103.4	219	106.1	250	-2.43	244
69	LSU	SEC	12-9	+11.23	113.7	45	102.5	133	68.3	178	-.019	216	+6.37	37	108.3	32	101.9	44	-3.39	277
70	Davidson	A10	11-9	+10.83	114.7	34	103.8	154	65.1	318	-.117	343	-0.29	163	103.4	217	103.7	112	+1.54	136
71	Montana	BSky	16-5	+10.75	108.6	97	97.8	58	68.5	168	-.024	229	-2.31	229	103.1	239	105.5	215	+2.47	100
72	South Carolina	SEC	13-9	+10.67	106.6	134	95.9	31	69.0	134	-.010	196	+7.00	30	107.8	46	100.8	15	+1.59	135
73	Oklahoma St.	B12	13-9	+10.67	108.5	101	97.8	57	69.4	119	-.025	232	+5.57	48	108.4	30	102.8	77	-4.49	298
74	St. Bonaventure	A10	15-6	+10.62	108.5	99	97.9	60	69.7	105	+.019	135	+1.34	118	106.3	85	105.0	187	+1.66	132
75	Oregon	P12	14-7	+10.55	111.3	66	100.7	108	68.3	179	-.026	233	+1.29	120	106.3	88	105.0	188	-4.68	303
76	Northern Kentucky	Horz	15-7	+10.54	108.8	95	98.3	66	68.4	171	-.099	336	-2.58	237	103.1	241	105.7	229	+3.37	84
77	Mississippi	SEC	11-11	+10.36	114.5	35	104.1	163	69.0	135	-.065	307	+7.50	23	107.3	59	99.8	5	+1.34	142
78	Buffalo	MAC	16-6	+9.77	112.3	57	102.5	132	73.3	15	+.021	128	+1.14	124	104.9	142	103.7	110	+4.17	67
79	South Dakota	Sum	18-6	+9.58	107.8	112	98.2	64	70.5	77	-.040	270	-3.10	258	104.1	174	107.3	311	-1.95	229
80	UNLV	MWC	16-6	+9.20	112.0	58	102.8	137	72.9	22	-.033	253	-2.64	240	103.7	204	106.4	267	-5.08	313
81	Boston College	ACC	13-9	+9.11	109.8	79	100.7	105	68.8	148	+.014	146	+4.83	62	107.0	66	102.2	52	-7.28	336
82	Northwestern	B10	13-10	+9.03	108.6	96	99.6	87	65.1	319	-.016	210	+6.49	35	107.1	64	100.6	14	-0.93	194
83	Belmont	OVC	17-6	+8.82	110.7	73	101.9	124	66.8	251	-.023	227	-3.13	259	103.6	212	106.7	289	+1.09	145
84	South Dakota St.	Sum	19-6	+8.70	113.9	41	105.2	191	69.9	90	+.081	42	+0.57	136	105.6	116	105.0	193	+3.96	70
85	Temple	Amer	11-10	+8.50	108.3	103	99.8	89	66.0	278	+.048	83	+9.36	8	107.9	43	98.5	1	+8.93	12
86	Fresno St.	MWC	15-8	+8.42	112.4	56	104.0	158	66.0	283	-.061	298	+0.10	150	105.3	125	105.2	206	-6.07	324
87	Vanderbilt	SEC	8-14	+8.20	112.6	54	104.4	170	65.6	300	-.121	344	+10.67	2	110.2	8	99.6	4	+5.32	39
88	St. John's	BE	10-13	+8.11	104.7	164	96.6	40	69.7	101	-.092	329	+9.29	9	109.3	17	100.0	8	+2.24	104
89	Wake Forest	ACC	9-13	+8.09	110.5	75	102.4	131	68.7	150	-.089	328	+8.41	13	109.2	19	100.8	16	-1.13	199
90	Wisconsin	B10	10-13	+7.80	108.1	105	100.3	96	63.5	345	-.093	330	+7.29	26	108.6	27	101.3	27	-0.32	179
91	Indiana	B10	12-11	+7.77	108.5	100	100.7	107	66.9	246	+.008	159	+7.21	29	109.0	21	101.8	37	-2.92	260
92	Minnesota	B10	14-10	+7.74	110.1	77	102.4	128	70.2	82	+.003	173	+3.93	78	106.5	78	102.6	64	-4.75	307
93	Washington	P12	15-6	+7.55	106.7	129	99.2	78	69.8	92	+.128	8	+2.87	91	107.0	67	104.2	144	-0.20	174
94	Iowa	B10	12-12	+7.54	115.1	31	107.6	241	70.5	76	-.069	311	+4.89	61	107.5	55	102.6	68	-4.08	290
95	Illinois	B10	12-11	+7.45	106.7	130	99.2	79	71.2	46	-.087	325	+4.53	66	106.3	89	101.7	36	-2.34	240
96	Utah Valley	WAC	16-6	+7.40	112.7	51	105.3	194	67.7	211	+.069	51	-0.69	174	103.0	246	103.7	107	+1.79	123
97	Iowa St.	B12	12-9	+7.21	110.9	71	103.6	150	68.1	188	+.053	75	+6.51	34	107.6	53	101.0	24	-3.56	280
98	UC Santa Barbara	BW	16-5	+7.15	113.0	49	105.8	208	67.7	210	+.037	102	-1.40	197	102.7	259	104.1	139	+0.65	158
99	UAB	CUSA	14-8	+7.14	111.8	59	104.7	175	66.1	273	-.096	334	-3.02	254	102.6	263	105.7	224	-6.35	328
100	Stanford	P12	11-11	+6.96	105.6	146	98.7	74	69.5	115	+.005	168	+6.67	32	109.7	13	103.0	86	+3.83	72
101	Furman	SC	15-7	+6.88	107.5	118	100.6	104	68.6	159	+.004	171	-3.07	256	103.8	198	106.9	294	+0.30	164
102	UCF	Amer	14-7	+6.79	98.1	280	91.3	6	65.7	296	+.062	59	+0.43	139	104.2	170	103.8	116	-2.95	261
103	Grand Canyon	WAC	15-7	+6.69	101.3	226	94.7	23	68.3	177	-.070	312	-7.97	345	98.7	351	106.7	286	-10.67	346
104	Bradley	MVC	17-7	+6.47	103.3	192	96.8	44	66.3	266	+.086	34	+0.14	148	104.3	169	104.1	141	-3.85	287
105	Georgia Tech	ACC	11-11	+6.45	103.9	178	97.4	52	65.7	294	-.045	277	+4.36	70	105.7	114	101.3	28	-5.25	315
106	Bucknell	Pat	16-8	+6.37	109.4	86	103.0	142	72.1	34	+.025	123	-0.80	177	104.3	167	105.1	194	+6.22	32
107	Oregon St.	P12	11-9	+6.07	106.6	133	100.5	102	65.4	308	-.089	327	+0.06	153	105.7	110	105.7	226	-7.19	335
108	Wyoming	MWC	15-7	+6.07	104.3	174	98.3	65	73.4	14	+.133	6	+4.19	74	107.0	68	102.8	76	+2.13	107
109	Northeastern	CAA	14-8	+5.96	107.2	122	101.2	112	67.0	240	+.022	126	+0.41	140	106.1	95	105.7	228	+4.32	61
110	Toledo	MAC	15-7	+5.94	113.8	44	107.8	245	68.7	151	+.039	100	-2.28	228	103.3	223	105.6	217	-2.05	231
111	Georgetown	BE	13-8	+5.86	106.2	140	100.3	97	70.6	71	+.001	179	-0.88	180	103.6	211	104.5	164	-17.41	351
112	Missouri St.	MVC	15-9	+5.81	106.1	141	100.3	98	65.0	320	-.020	221	+0.40	141	103.2	235	102.8	75	-1.97	230
113	Colorado	P12	12-10	+5.72	103.8	179	98.1	62	68.7	156	+.061	64	+6.19	40	110.3	5	104.1	143	-0.32	177
114	Towson	CAA	15-8	+5.45	107.6	115	102.2	126	67.3	224	-.082	322	-2.99	252	103.7	207	106.6	282	-1.52	219
115	UNC Greensboro	SC	16-6	+5.16	104.5	170	99.3	81	65.0	322	-.003	187	-4.33	291	102.9	253	107.2	309	-3.24	271
116	Georgia St.	SB	16-6	+5.14	103.8	180	98.6	73	66.6	258	+.012	151	-3.02	253	102.8	258	105.8	236	-2.14	234
117	New Mexico	MWC	11-12	+4.98	110.4	76	105.4	196	69.7	103	-.072	314	+3.96	77	106.5	79	102.5	62	+2.71	94
118	Southern Illinois	MVC	15-9	+4.97	107.5	116	102.6	135	67.9	197	+.043	94	+0.91	130	104.2	173	103.2	91	-2.62	252
119	DePaul	BE	9-12	+4.95	105.1	160	100.2	93	70.1	86	-.087	324	+5.49	50	107.7	52	102.2	51	-3.71	283
120	San Diego	WCC	15-7	+4.83	102.6	207	97.8	56	67.2	234	+.001	177	-2.05	224	103.2	230	105.3	208	-1.43	215
121	Wright St.	Horz	17-6	+4.55	99.0	264	94.5	21	68.3	176	+.085	36	-2.00	222	103.8	199	105.8	235	+2.56	97
122	Iona	MAAC	13-9	+4.46	110.6	74	106.2	211	70.5	74	-.036	262	-0.40	165	103.8	194	104.2	148	+2.52	99
123	Princeton	Ivy	10-8	+4.40	108.9	92	104.5	174	64.1	336	-.029	244	+0.58	133	104.5	159	103.9	131	+2.47	101
124	Florida Gulf Coast	ASun	17-8	+4.33	107.4	121	103.0	144	70.7	67	-.032	249	-5.44	310	101.6	310	107.0	301	-0.10	169
125	UC Davis	BW	14-7	+4.32	102.9	198	98.6	72	67.3	229	+.033	107	+0.40	142	104.6	157	104.2	145	+4.62	55
126	VCU	A10	14-8	+4.28	108.6	98	104.3	167	70.5	73	+.058	69	+0.13	149	104.0	185	103.8	121	+1.42	138
127	Idaho	BSky	14-7	+4.13	104.8	161	100.7	106	66.2	270	+.001	178	-2.92	249	103.4	220	106.3	265	-2.56	247
128	Georgia Southern	SB	15-7	+4.12	105.4	151	101.3	114	67.7	207	+.013	149	-1.95	221	102.4	279	104.4	160	-1.17	203
129	Stephen F. Austin	Slnd	18-4	+4.11	104.6	167	100.5	101	71.9	37	-.003	189	-7.03	334	100.8	333	107.8	324	-2.41	243
130	UT Arlington	SB	13-10	+4.01	103.4	190	99.4	83	73.5	11	-.066	308	-1.10	192	103.9	191	105.0	185	-0.65	188
131	Marshall	CUSA	14-7	+3.93	108.1	106	104.2	165	76.1	4	+.042	96	-1.45	200	104.6	153	106.1	249	-6.08	325
132	Northern Colorado	BSky	14-8	+3.80	105.6	147	101.8	122	71.1	53	-.003	186	+0.47	138	104.6	155	104.1	140	+1.94	117
133	Indiana St.	MVC	10-13	+3.75	105.2	155	101.5	118	69.8	97	-.130	347	+3.02	89	104.6	154	101.6	31	+2.00	113
134	Tulsa	Amer	11-10	+3.73	105.2	159	101.4	116	67.9	194	+.002	176	+2.08	104	106.3	87	104.2	149	-1.19	205
135	Utah St.	MWC	13-11	+3.72	108.0	107	104.3	169	66.8	250	-.015	207	+2.40	99	106.0	99	103.6	103	-0.12	171
136	Portland St.	BSky	13-8	+3.66	109.3	87	105.7	205	76.5	3	+.005	169	+1.87	109	105.4	123	103.5	101	+3.89	71
137	Oakland	Horz	14-9	+3.59	110.9	68	107.3	236	71.9	35	+.054	73	-0.46	167	103.5	214	104.0	133	+1.62	133
138	Rider	MAAC	16-7	+3.32	108.9	94	105.6	200	73.0	19	+.090	32	-1.88	217	103.5	216	105.4	212	+0.22	165
139	Evansville	MVC	15-9	+3.22	100.1	243	96.9	45	65.9	284	+.091	31	+0.24	146	105.1	135	104.9	182	-3.17	267
140	Albany	AE	17-7	+3.10	106.3	138	103.2	145	65.8	287	+.017	138	-5.68	318	102.2	293	107.9	330	-4.65	301
141	Saint Louis	A10	12-11	+3.03	101.2	228	98.1	63	64.7	327	-.006	193	+1.80	110	107.5	54	105.7	231	+1.35	141
142	Louisiana Tech	CUSA	13-9	+3.02	107.1	123	104.1	164	67.8	204	-.051	284	-1.61	204	103.8	201	105.4	211	-3.29	273
143	Northern Iowa	MVC	11-12	+3.00	99.7	250	96.7	43	63.4	346	-.040	271	+6.19	39	107.9	42	101.7	35	+7.33	22
144	Winthrop	BSth	13-8	+2.98	107.8	111	104.8	178	72.1	32	-.054	287	-4.06	287	102.5	275	106.5	277	+3.73	77
145	Dayton	A10	10-11	+2.97	110.7	72	107.8	244	66.0	279	-.013	205	+2.97	90	105.5	120	102.5	63	+1.99	114
146	Wagner	NEC	15-6	+2.65	102.0	216	99.4	82	67.7	209	+.083	39	-5.57	313	102.8	254	108.4	342	+0.61	159
147	College of Charleston	CAA	16-6	+2.42	105.4	149	103.0	143	64.8	325	+.026	121	-5.03	301	102.4	281	107.4	317	-5.82	320
148	Saint Joseph's	A10	9-12	+2.34	102.9	201	100.5	103	71.2	45	-.074	316	+1.23	122	104.7	152	103.4	97	+2.42	103
149	Rutgers	B10	12-12	+2.24	96.4	304	94.2	17	67.1	235	-.044	276	+1.10	126	105.0	138	103.9	129	-14.33	348
150	Illinois St.	MVC	12-11	+2.22	106.2	139	104.0	161	69.3	125	+.091	30	+5.91	45	106.2	91	100.3	9	+7.34	21
151	San Francisco	WCC	12-11	+2.16	101.9	218	99.8	88	66.6	259	-.026	235	+0.29	145	106.7	74	106.4	272	-0.22	175
152	Mercer	SC	10-12	+2.07	110.9	69	108.8	261	63.9	341	-.181	351	-1.77	211	102.5	276	104.2	151	-0.16	173
153	Tulane	Amer	13-8	+1.78	105.5	148	103.7	151	70.4	81	+.043	93	-2.42	233	102.3	289	104.7	173	-6.89	332
154	Jacksonville St.	OVC	16-7	+1.78	103.1	195	101.3	113	65.6	297	-.015	208	-7.56	341	102.1	298	109.6	351	-9.37	342
155	Penn	Ivy	13-6	+1.75	99.5	256	97.7	55	68.9	142	+.062	61	-3.68	275	104.1	180	107.8	323	-2.25	237
156	Canisius	MAAC	13-9	+1.59	106.4	137	104.8	176	68.2	187	+.001	180	-2.35	231	103.2	229	105.6	218	-1.51	216
157	Memphis	Amer	14-8	+1.55	105.3	152	103.8	153	66.3	265	+.135	5	+0.23	147	103.9	190	103.6	105	-4.67	302
158	North Dakota St.	Sum	12-10	+1.47	106.9	126	105.4	195	65.8	291	-.034	257	-0.52	168	105.3	129	105.8	233	+1.92	118
159	La Salle	A10	9-13	+1.29	106.1	142	104.8	180	68.6	160	-.059	291	+2.40	98	105.7	112	103.3	93	+2.66	95
160	Eastern Washington	BSky	11-11	+1.23	104.7	166	103.5	147	67.0	244	-.056	288	+1.44	115	105.3	128	103.8	120	+6.69	29
161	UC Irvine	BW	10-14	+1.23	99.8	248	98.5	69	67.6	213	-.068	310	+5.12	56	108.4	29	103.3	94	+10.60	6
162	Weber St.	BSky	13-7	+0.97	106.1	143	105.1	188	67.7	212	+.003	174	-3.36	265	103.6	210	107.0	300	+0.72	154
163	Ball St.	MAC	14-8	+0.46	104.5	171	104.0	160	70.1	83	+.105	19	-0.78	176	104.9	141	105.7	230	-0.98	195
164	Pacific	WCC	10-13	+0.42	107.7	113	107.3	235	67.1	239	+.015	141	+4.65	64	107.2	60	102.6	66	+2.81	92
165	Connecticut	Amer	11-11	+0.40	102.0	215	101.6	120	66.3	267	+.106	18	+6.11	41	107.2	61	101.1	25	+5.61	36
166	Washington St.	P12	9-12	+0.28	107.4	119	107.1	231	68.7	153	-.020	220	+3.49	82	106.5	80	103.0	84	-1.74	226
167	Hofstra	CAA	13-9	+0.22	109.3	88	109.1	264	69.3	126	+.104	22	+1.16	123	106.0	98	104.8	179	+3.48	83
168	Wofford	SC	16-6	+0.19	109.4	85	109.2	268	65.8	288	+.144	3	-2.76	243	101.8	302	104.6	168	+3.07	87
169	Valparaiso	MVC	12-12	+0.04	99.9	246	99.9	90	70.8	63	-.025	231	+0.87	131	104.6	156	103.7	111	-2.78	257
170	Fort Wayne	Sum	14-10	-0.04	102.8	202	102.9	139	73.1	16	-.036	260	-1.72	207	104.3	166	106.0	246	-2.14	235
171	Cal St. Fullerton	BW	12-8	-0.05	105.2	158	105.2	193	69.8	95	+.132	7	+1.96	107	105.7	109	103.8	117	+3.64	79
172	Duquesne	A10	15-8	-0.08	103.7	183	103.7	152	65.8	289	-.017	213	-9.22	350	99.2	349	108.4	340	-15.84	349
173	Western Michigan	MAC	13-9	-0.34	105.3	153	105.6	202	67.6	215	+.025	122	-1.77	210	104.2	172	105.9	243	-2.53	246
174	Drake	MVC	12-12	-0.38	105.4	150	105.8	207	68.1	189	+.021	131	+2.29	101	105.3	126	103.0	85	+0.48	162
175	Monmouth	MAAC	7-14	-0.51	103.4	187	103.9	157	70.7	65	-.094	331	+1.51	113	105.8	108	104.3	158	+5.49	37
176	Radford	BSth	14-9	-0.74	104.2	175	104.9	185	64.1	334	+.062	60	-1.86	215	102.9	248	104.8	177	+5.06	44
177	Troy	SB	9-13	-0.80	107.8	110	108.6	258	68.0	193	-.144	349	+0.32	144	104.1	182	103.8	115	+0.66	157
178	William & Mary	CAA	14-7	-0.81	113.9	40	114.7	332	69.6	109	+.175	1	+0.36	143	105.5	119	105.2	202	+3.76	75
179	Hawaii	BW	13-6	-0.89	97.6	288	98.5	68	68.9	139	+.101	26	-3.52	271	104.4	163	107.9	328	-2.35	241
180	UTSA	CUSA	11-11	-0.92	106.9	124	107.8	247	72.9	20	-.048	280	-0.13	158	103.7	203	103.9	123	+2.57	96
181	Lipscomb	ASun	15-8	-1.00	100.4	239	101.4	115	75.9	6	+.128	9	-1.63	205	103.8	202	105.4	213	+6.34	31
182	UNC Asheville	BSth	14-9	-1.16	104.6	168	105.7	206	70.9	59	+.098	28	-0.97	183	104.7	151	105.7	227	+6.05	33
183	Richmond	A10	8-13	-1.37	103.4	189	104.8	177	67.2	232	+.017	137	+4.17	75	107.1	62	103.0	83	+5.75	35
184	Central Arkansas	Slnd	12-11	-1.54	107.7	114	109.2	266	73.5	12	-.038	266	-4.69	295	100.5	340	105.2	205	-1.06	197
185	North Texas	CUSA	12-10	-1.62	102.7	203	104.3	168	66.1	276	+.013	150	-0.99	185	102.8	255	103.8	119	+1.79	124
186	Harvard	Ivy	9-10	-1.67	94.9	324	96.5	38	66.5	263	+.046	90	+1.09	127	105.8	106	104.7	174	+3.49	82
187	Central Michigan	MAC	14-8	-1.99	105.3	154	107.3	232	67.9	200	-.028	239	-6.58	329	101.0	329	107.6	319	-9.52	343
188	Austin Peay	OVC	12-10	-2.21	103.4	186	105.7	204	68.7	155	+.030	115	-2.04	223	102.6	266	104.6	171	+4.63	54
189	Elon	CAA	13-10	-2.41	104.4	172	106.8	223	67.0	243	+.101	24	-0.10	157	105.2	133	105.2	207	+1.86	120
190	Coastal Carolina	SB	10-13	-2.50	101.9	217	104.4	172	68.2	183	-.102	338	-0.97	182	104.1	178	105.1	197	+0.68	156
191	High Point	BSth	10-11	-2.55	102.9	199	105.5	197	65.3	312	-.138	348	-4.79	296	102.3	286	107.1	305	-1.64	223
192	Robert Morris	NEC	13-10	-2.69	97.7	286	100.4	100	69.9	91	+.061	62	-3.54	272	102.6	265	106.1	255	+1.98	115
193	Nicholls St.	Slnd	13-9	-2.84	102.6	205	105.5	198	74.9	8	-.018	215	-3.68	276	103.2	231	106.9	295	+4.93	48
194	Texas St.	SB	14-9	-2.92	99.6	253	102.5	134	62.9	348	+.059	67	-3.68	277	102.4	280	106.1	253	-5.71	318
195	Sam Houston St.	Slnd	13-10	-3.00	100.0	245	103.0	140	66.9	247	-.011	198	-2.81	245	103.2	232	106.0	247	+4.50	58
196	Massachusetts	A10	10-13	-3.09	105.7	144	108.8	260	65.7	293	-.006	192	-0.21	159	103.7	206	103.9	127	-3.19	268
197	UMBC	AE	16-8	-3.18	103.7	181	106.9	227	68.7	157	+.113	16	-5.14	304	102.3	290	107.4	315	-2.22	236
198	Eastern Michigan	MAC	12-10	-3.23	100.8	233	104.0	159	65.5	306	-.032	251	-2.58	238	104.5	158	107.1	307	-1.59	221
199	Kent St.	MAC	12-10	-3.31	103.6	184	107.0	228	69.6	111	+.063	58	-1.90	218	103.3	225	105.2	203	-2.59	250
200	Colorado St.	MWC	10-14	-3.41	103.0	197	106.4	216	68.2	181	+.064	57	+4.32	72	106.6	76	102.3	56	+2.75	93
201	Long Beach St.	BW	12-13	-3.44	106.7	131	110.1	284	72.5	24	+.075	44	+2.36	100	105.0	140	102.6	71	+7.83	16
202	Pittsburgh	ACC	8-15	-3.61	98.8	271	102.4	129	65.3	313	+.021	129	+6.08	44	108.1	39	102.0	46	-3.14	266
203	Seattle	WAC	15-8	-3.62	106.5	135	110.1	285	67.0	241	+.076	43	-5.61	315	100.5	339	106.1	252	-4.97	312
204	Illinois Chicago	Horz	12-11	-3.79	97.7	287	101.5	117	70.8	61	-.012	203	-3.89	280	102.3	285	106.2	263	-1.90	228
205	Liberty	BSth	13-10	-3.80	101.4	225	105.2	192	63.9	339	-.089	326	-7.41	338	101.3	318	108.7	348	-6.16	326
206	Oral Roberts	Sum	9-15	-3.86	106.8	127	110.6	291	65.5	304	-.033	252	+5.42	51	108.0	41	102.6	65	+8.97	11
207	Saint Peter's	MAAC	8-13	-3.93	97.8	285	101.7	121	63.2	347	-.094	332	-2.97	251	103.8	197	106.8	291	-4.73	306
208	Army	Pat	12-10	-4.02	101.6	222	105.6	203	70.9	60	-.020	219	-6.11	327	102.5	277	108.6	346	-4.90	309
209	Niagara	MAAC	14-9	-4.02	109.8	78	113.8	324	73.0	18	+.136	4	-3.49	269	102.9	252	106.4	268	-2.68	254
210	Yale	Ivy	9-11	-4.08	104.1	177	108.1	253	68.9	137	-.031	246	-1.50	202	104.1	175	105.6	222	+1.68	130
211	Lamar	Slnd	13-10	-4.39	101.7	221	106.1	210	68.0	190	-.063	302	-5.65	316	100.5	338	106.2	261	-0.42	182
212	Ohio	MAC	9-12	-4.40	98.3	277	102.7	136	70.0	88	-.063	301	-1.01	187	105.1	137	106.1	248	-1.05	196
213	Southern Miss	CUSA	11-11	-4.42	107.5	117	112.0	310	66.0	280	+.037	104	+3.34	86	106.0	101	102.6	69	+3.74	76
214	Fairfield	MAAC	8-13	-4.57	102.9	200	107.5	238	70.4	78	-.032	250	-2.25	226	102.8	256	105.1	196	-0.47	183
215	Miami OH	MAC	12-10	-4.70	98.3	278	103.0	141	65.7	295	+.104	21	-1.05	188	103.8	196	104.8	180	+2.00	112
216	Tennessee St.	OVC	10-11	-4.85	95.4	315	100.3	95	65.6	302	+.002	175	-2.82	246	103.1	238	106.0	244	+4.07	68
217	St. Francis PA	NEC	12-9	-4.96	109.1	89	114.1	327	68.2	186	+.070	50	-4.61	294	102.1	299	106.7	285	+3.10	86
218	UT Rio Grande Valley	WAC	12-11	-5.09	100.8	232	105.9	209	74.3	10	+.050	78	-3.08	257	101.0	327	104.1	138	-2.40	242
219	Tennessee Tech	OVC	15-8	-5.11	98.9	269	104.0	162	71.1	52	+.171	2	-3.26	262	104.0	184	107.3	312	-0.49	186
220	California	P12	7-15	-5.48	99.5	254	105.0	187	69.5	118	+.031	111	+5.11	57	109.5	16	104.4	161	-1.71	224
221	George Washington	A10	9-13	-5.62	100.9	231	106.5	218	64.0	338	+.074	46	+2.49	97	105.8	105	103.4	95	+0.71	155
222	Campbell	BSth	12-10	-5.66	105.2	156	110.8	294	68.2	184	-.059	293	-7.26	336	100.6	336	107.9	329	-8.20	338
223	Hartford	AE	13-10	-5.72	104.3	173	110.1	281	66.6	257	+.047	85	-6.76	333	100.8	332	107.6	321	-6.82	330
224	Boston University	Pat	12-10	-5.77	102.7	204	108.4	255	68.3	180	+.061	63	-5.16	305	101.1	325	106.2	264	-2.11	233
225	Denver	Sum	10-12	-5.78	101.2	227	107.0	229	66.7	256	+.010	155	-1.09	190	103.9	189	105.0	186	-3.24	270
226	Stony Brook	AE	8-15	-6.00	97.5	291	103.5	148	68.5	167	-.015	209	-1.22	195	104.4	162	105.6	220	+1.24	143
227	Texas Southern	SWAC	6-16	-6.03	102.6	209	108.6	259	72.4	25	-.051	285	+4.33	71	106.8	72	102.4	60	+18.34	1
228	Manhattan	MAAC	10-13	-6.04	97.4	293	103.5	146	66.1	274	-.001	181	-4.05	285	102.5	268	106.6	280	-3.81	286
229	South Alabama	SB	11-11	-6.05	95.9	310	101.9	125	69.7	100	+.019	134	-3.39	267	101.7	305	105.1	199	-5.91	321
230	Colgate	Pat	12-10	-6.21	104.8	162	111.0	296	68.0	192	+.046	88	-6.01	326	101.0	328	107.0	299	-2.56	248
231	Milwaukee	Horz	12-13	-6.24	98.8	270	105.1	189	66.8	249	+.007	165	-5.17	306	101.4	317	106.5	276	-1.38	212
232	Columbia	Ivy	4-13	-6.38	102.5	212	108.9	262	71.0	55	-.180	350	-1.30	196	103.8	193	105.1	200	-1.14	200
233	Bowling Green	MAC	13-9	-6.53	101.8	219	108.3	254	72.3	28	+.123	12	-4.06	286	102.5	274	106.5	278	-4.50	300
234	Abilene Christian	Slnd	14-9	-6.56	99.6	252	106.2	212	69.3	124	+.071	49	-5.93	323	101.1	323	107.1	303	-3.09	265
235	Northern Illinois	MAC	10-12	-6.58	104.7	165	111.3	301	67.1	237	-.021	223	-2.90	248	102.9	251	105.8	234	-4.46	297
236	Florida Atlantic	CUSA	10-11	-6.59	93.8	331	100.4	99	69.2	127	+.042	97	+0.07	152	104.3	164	104.3	155	+0.74	153
237	Loyola Marymount	WCC	6-15	-6.63	106.4	136	113.1	319	67.8	205	-.065	306	+0.92	129	104.8	145	103.9	124	-1.76	227
238	Appalachian St.	SB	9-14	-6.67	103.3	191	110.0	278	70.6	69	-.043	274	-1.47	201	103.6	213	105.0	192	-0.32	178
239	North Dakota	BSky	7-14	-6.68	104.8	163	111.5	304	72.3	27	-.016	211	+4.39	68	106.8	71	102.4	59	+7.50	20
240	Southeastern Louisiana	Slnd	13-10	-6.80	98.1	279	104.9	184	66.6	261	+.075	45	-3.22	260	102.1	296	105.3	210	+1.41	139
241	Sacramento St.	BSky	6-15	-6.90	100.4	238	107.3	233	65.9	285	-.047	279	+3.53	81	106.1	93	102.6	67	+4.49	59
242	FIU	CUSA	9-13	-6.91	95.9	309	102.8	138	68.7	154	-.121	345	-4.55	293	101.6	308	106.2	257	-7.03	333
243	UTEP	CUSA	7-14	-6.97	98.0	281	104.9	186	68.4	172	-.059	294	-1.17	194	103.7	205	104.9	181	-1.53	220
244	James Madison	CAA	6-17	-6.99	101.5	223	108.5	257	67.8	203	-.053	286	-1.64	206	105.2	130	106.9	296	-1.26	207
245	New Orleans	Slnd	12-10	-7.06	97.5	292	104.5	173	65.8	290	+.082	41	-2.43	234	103.2	234	105.6	219	+12.47	3
246	Akron	MAC	10-11	-7.31	102.6	208	109.9	277	67.9	196	+.049	82	-2.69	241	104.0	183	106.7	287	-4.92	311
247	Southeast Missouri St.	OVC	10-13	-7.39	109.5	82	116.9	341	68.5	170	+.014	144	-1.76	209	102.4	278	104.2	147	-0.82	192
248	Navy	Pat	15-9	-7.40	99.0	265	106.4	215	65.6	303	+.120	13	-7.98	346	99.8	346	107.8	325	-6.42	329
249	Idaho St.	BSky	9-10	-7.68	97.2	296	104.9	183	69.3	123	+.014	147	-3.22	261	104.1	179	107.3	314	-1.30	210
250	NJIT	ASun	11-12	-7.76	97.8	284	105.6	201	67.2	231	-.026	234	-6.75	332	101.7	306	108.4	341	-2.58	249
251	Morehead St.	OVC	6-15	-7.79	99.0	266	106.8	221	68.2	185	-.071	313	+2.06	105	106.5	77	104.4	162	+8.27	14
252	Brown	Ivy	9-8	-7.84	99.0	267	106.8	222	72.3	29	+.043	95	-7.23	335	101.4	314	108.6	347	-6.82	331
253	George Mason	A10	9-13	-7.89	102.4	213	110.2	287	67.9	198	+.094	29	-0.22	160	104.8	143	105.0	190	-3.39	276
254	Prairie View A&M	SWAC	8-15	-8.14	102.5	211	110.7	292	71.1	54	-.041	273	-0.43	166	103.1	242	103.5	102	+10.81	4
255	Montana St.	BSky	12-10	-8.19	99.2	261	107.4	237	68.6	161	+.118	14	-3.31	264	104.7	148	108.0	334	-1.25	206
256	Portland	WCC	8-15	-8.21	99.7	251	107.9	249	67.2	230	+.021	132	+5.06	58	107.9	45	102.8	78	+1.77	126
257	Air Force	MWC	8-12	-8.38	100.7	236	109.0	263	64.9	323	+.039	101	+1.08	128	104.8	146	103.7	109	-3.95	288
258	Nebraska Omaha	Sum	7-17	-8.49	103.1	194	111.6	305	71.0	57	-.018	214	+3.84	80	107.7	51	103.9	125	+5.28	40
259	Santa Clara	WCC	8-14	-8.56	99.4	258	108.0	250	64.6	330	-.002	183	-0.38	164	105.3	127	105.7	225	-5.46	316
260	Eastern Illinois	OVC	7-14	-8.67	95.6	312	104.3	166	66.0	282	-.028	241	+0.07	151	104.1	176	104.1	137	+1.76	127
261	Cal St. Bakersfield	WAC	8-13	-8.95	96.5	302	105.5	199	64.8	326	+.015	140	+2.70	92	106.8	73	104.1	136	+5.22	42
262	New Hampshire	AE	9-14	-9.11	97.9	282	107.0	230	65.1	317	-.063	300	-5.58	314	102.3	287	107.8	327	-3.96	289
263	Drexel	CAA	9-14	-9.11	100.9	229	110.0	280	68.9	141	+.087	33	-1.84	213	104.8	144	106.7	283	-1.51	217
264	Delaware	CAA	11-12	-9.17	100.7	235	109.9	276	65.4	309	+.050	79	-3.60	274	103.7	208	107.3	313	-4.23	294
265	Arkansas St.	SB	8-14	-9.55	103.7	182	113.3	321	69.2	130	-.012	202	-1.73	208	102.5	270	104.2	152	-3.33	275
266	Gardner Webb	BSth	11-12	-9.58	95.3	317	104.9	181	67.4	218	+.065	54	-1.43	199	103.1	240	104.6	166	+7.65	18
267	Lehigh	Pat	9-13	-9.58	103.1	193	112.7	316	70.8	62	+.027	117	-4.91	299	102.2	295	107.1	306	-0.82	191
268	Little Rock	SB	5-17	-9.82	95.0	322	104.8	179	65.3	311	-.078	320	+0.48	137	103.7	209	103.2	89	+1.89	119
269	Louisiana Monroe	SB	9-11	-9.97	100.9	230	110.9	295	65.2	315	+.019	136	-2.61	239	102.3	282	104.9	183	-3.06	264
270	Siena	MAAC	7-16	-10.08	97.6	289	107.7	243	66.2	269	-.005	191	-2.33	230	104.5	160	106.8	292	+0.95	150
271	UNC Wilmington	CAA	7-15	-10.11	102.6	206	112.7	317	72.3	26	-.012	204	-0.62	170	105.0	139	105.6	221	+2.05	110
272	Southern Utah	BSky	8-12	-10.24	103.5	185	113.8	323	71.7	40	+.082	40	+1.13	125	105.4	122	104.3	157	+4.99	47
273	North Carolina A&T	MEAC	13-9	-10.27	97.4	294	107.6	242	69.2	128	+.123	11	-8.31	347	99.8	348	108.1	335	-0.71	189
274	Mount St. Mary's	NEC	12-11	-10.47	103.4	188	113.9	325	65.3	314	+.060	65	-7.47	339	101.0	330	108.4	343	-3.64	282
275	Tennessee Martin	OVC	8-15	-10.54	99.2	260	109.8	275	65.9	286	-.016	212	-2.46	236	102.6	264	105.1	195	-2.28	238
276	Lafayette	Pat	6-16	-10.69	99.4	259	110.1	282	68.6	158	-.126	346	-5.99	325	101.8	303	107.8	322	-2.70	255
277	Eastern Kentucky	OVC	8-15	-10.74	99.5	255	110.2	286	69.1	131	+.007	163	-1.13	193	104.0	186	105.1	198	+1.07	146
278	Hampton	MEAC	9-13	-10.74	97.3	295	108.1	251	73.0	17	-.098	335	-7.56	340	101.3	319	108.8	350	+1.67	131
279	Fordham	A10	7-14	-10.82	93.6	334	104.4	171	65.6	298	+.019	133	-0.98	184	103.3	226	104.2	153	-5.64	317
280	Cornell	Ivy	7-10	-10.96	102.3	214	113.2	320	70.0	89	+.083	38	-1.08	189	104.8	147	105.8	240	-1.74	225
281	North Carolina Central	MEAC	11-10	-11.07	98.9	268	110.0	279	65.7	292	+.008	160	-8.51	348	100.0	344	108.5	345	-1.39	213
282	UC Riverside	BW	5-17	-11.18	93.7	332	104.9	182	68.0	191	-.117	342	+0.57	135	105.6	117	105.0	189	+2.01	111
283	Quinnipiac	MAAC	9-13	-11.22	103.1	196	114.3	329	67.1	236	+.105	20	-5.04	302	102.5	271	107.5	318	-3.76	284
284	LIU Brooklyn	NEC	10-13	-11.35	100.6	237	112.0	311	72.1	33	+.051	77	-7.33	337	101.0	326	108.4	339	-5.75	319
285	Loyola MD	Pat	7-15	-11.36	96.5	303	107.8	246	68.8	145	+.008	161	-4.42	292	103.2	236	107.6	320	-1.42	214
286	Green Bay	Horz	10-15	-11.45	95.4	316	106.9	224	71.7	39	-.036	261	-5.82	321	101.4	316	107.2	310	+0.35	163
287	Central Connecticut	NEC	12-11	-11.51	100.2	240	111.7	307	64.7	329	+.100	27	-7.91	344	100.4	342	108.3	338	-4.10	291
288	Samford	SC	8-15	-11.64	107.4	120	119.0	346	69.5	114	-.039	269	-1.78	212	102.8	257	104.6	167	+2.96	90
289	North Florida	ASun	10-15	-11.66	104.5	169	116.2	339	74.7	9	+.065	55	+2.13	103	105.9	102	103.8	118	+9.47	10
290	Binghamton	AE	10-14	-11.69	98.6	272	110.3	288	65.6	299	-.046	278	-7.68	342	100.3	343	108.0	332	-8.65	340
291	Chattanooga	SC	8-15	-11.77	96.4	305	108.1	252	66.3	268	-.038	264	-3.79	278	103.2	237	106.9	298	-2.08	232
292	Fairleigh Dickinson	NEC	7-14	-11.78	99.4	257	111.2	299	71.0	56	-.032	248	-3.29	263	102.5	273	105.8	237	+6.80	27
293	Western Carolina	SC	9-13	-11.82	95.7	311	107.6	239	68.9	138	+.115	15	+2.02	106	105.7	113	103.7	106	+6.02	34
294	UMKC	WAC	6-17	-11.87	95.0	321	106.9	226	70.0	87	-.031	247	+1.30	119	106.1	96	104.8	178	+1.79	125
295	McNeese St.	Slnd	8-12	-11.88	100.2	241	112.1	313	68.7	152	-.059	292	-1.93	220	103.0	245	104.9	184	+7.71	17
296	Grambling St.	SWAC	10-12	-12.08	94.4	327	106.5	217	71.8	38	+.071	48	-5.69	320	100.7	334	106.4	271	+3.02	88
297	San Jose St.	MWC	3-18	-12.09	94.1	329	106.2	213	67.4	219	-.061	297	+3.42	85	106.9	70	103.5	99	-0.09	168
298	St. Francis NY	NEC	9-13	-12.12	99.8	249	111.9	308	69.4	120	-.001	182	-5.48	311	101.1	324	106.6	279	-1.17	204
299	Charleston Southern	BSth	8-13	-12.27	94.4	328	106.6	220	66.0	281	-.081	321	-3.93	282	103.5	215	107.4	316	-1.14	201
300	Western Illinois	Sum	10-10	-12.28	95.6	313	107.9	248	68.5	166	+.047	84	-3.49	270	102.7	260	106.2	262	-7.49	337
301	Dartmouth	Ivy	4-13	-12.32	99.8	247	112.1	312	67.4	222	-.044	275	-2.28	227	102.2	294	104.5	163	-2.59	251
302	Texas A&M Corpus Chris	Slnd	7-12	-12.51	92.6	341	105.2	190	67.7	206	-.027	236	-1.85	214	102.9	250	104.7	175	+6.60	30
303	IUPUI	Horz	7-14	-12.57	98.6	273	111.2	298	66.3	264	+.013	148	-2.24	225	102.3	288	104.5	165	+3.61	81
304	Rice	CUSA	5-17	-12.69	97.8	283	110.5	289	67.3	228	-.073	315	-0.66	172	103.3	227	103.9	128	+2.18	105
305	Charlotte	CUSA	5-14	-12.79	96.7	300	109.5	271	71.2	44	-.008	194	-0.81	178	103.4	218	104.2	150	-3.76	285
306	Bethune Cookman	MEAC	11-11	-12.86	96.7	301	109.5	272	75.0	7	+.046	89	-9.42	351	99.1	350	108.5	344	-4.70	304
307	UMass Lowell	AE	9-13	-12.87	101.7	220	114.6	331	70.6	72	+.009	158	-7.71	343	100.6	337	108.3	337	-8.87	341
308	Sacred Heart	NEC	7-16	-12.90	93.4	336	106.2	214	68.2	182	-.075	317	-6.27	328	101.7	304	108.0	333	-4.33	295
309	Savannah St.	MEAC	10-13	-12.96	102.6	210	115.5	338	82.2	1	+.101	25	+0.57	134	104.3	168	103.7	108	+16.45	2
310	Pepperdine	WCC	4-18	-13.07	104.1	176	117.2	343	67.4	221	-.009	195	+1.88	108	106.2	92	104.3	156	-0.56	187
311	Jacksonville	ASun	12-13	-13.41	93.9	330	107.3	234	69.7	99	+.073	47	-5.68	319	101.5	312	107.2	308	-3.22	269
312	Cal Poly	BW	7-15	-13.46	99.1	263	112.6	315	66.7	253	+.060	66	-0.28	162	103.9	187	104.2	146	+1.24	144
313	Stetson	ASun	10-15	-13.51	96.1	308	109.6	273	70.6	70	-.051	283	-6.67	331	100.4	341	107.1	302	-4.37	296
314	Detroit	Horz	6-17	-13.69	101.5	224	115.2	334	73.4	13	+.021	130	+1.54	112	105.4	124	103.9	122	+5.43	38
315	East Carolina	Amer	8-13	-13.73	92.8	340	106.5	219	68.5	164	+.015	142	-6.64	330	99.9	345	106.5	274	-16.63	350
316	Norfolk St.	MEAC	6-16	-13.77	95.5	314	109.2	267	68.9	140	-.035	259	-4.83	297	101.1	322	106.0	245	+2.09	108
317	Holy Cross	Pat	7-15	-14.28	97.1	298	111.4	302	62.8	350	+.054	74	-5.85	322	101.2	320	107.1	304	-2.85	259
318	Houston Baptist	Slnd	5-18	-14.29	100.1	244	114.3	330	72.5	23	-.114	341	+0.58	132	104.5	161	103.9	126	+9.72	8
319	Youngstown St.	Horz	6-17	-14.30	100.7	234	115.0	333	71.2	47	-.028	240	-0.69	173	103.3	222	104.0	132	+5.00	46
320	Marist	MAAC	5-17	-14.37	98.5	274	112.9	318	68.8	146	-.019	218	-4.88	298	103.0	247	107.8	326	-3.06	263
321	Northern Arizona	BSky	4-18	-14.38	97.0	299	111.4	303	70.1	85	-.028	242	+1.51	114	104.7	149	103.2	90	+3.62	80
322	South Florida	Amer	8-15	-14.77	97.1	297	111.9	309	64.3	331	+.041	98	-4.12	289	101.2	321	105.3	209	-11.74	347
323	The Citadel	SC	7-14	-14.95	99.2	262	114.1	328	79.4	2	+.046	87	-0.54	169	105.1	136	105.7	223	+1.62	134
324	Arkansas Pine Bluff	SWAC	8-15	-15.23	93.2	339	108.5	256	68.9	143	+.066	53	-4.16	290	102.0	300	106.2	259	+4.28	62
325	SIU Edwardsville	OVC	7-14	-15.36	100.1	242	115.5	337	69.6	112	+.125	10	-1.42	198	103.8	200	105.2	204	-1.52	218
326	Kennesaw St.	ASun	6-17	-15.57	95.2	320	110.7	293	68.5	163	+.005	170	-2.40	232	104.1	181	106.5	273	+2.93	91
327	Southern	SWAC	9-13	-15.62	93.7	333	109.3	269	67.3	227	+.044	92	-5.23	308	101.6	309	106.8	293	+7.25	25
328	Cal St. Northridge	BW	5-16	-16.06	93.3	337	109.4	270	65.6	301	-.065	305	-3.99	283	102.3	284	106.3	266	-3.44	278
329	Cleveland St.	Horz	5-18	-16.13	94.4	326	110.6	290	67.8	202	-.076	318	-3.92	281	102.2	291	106.2	256	-0.47	185
330	VMI	SC	7-14	-16.27	90.6	345	106.9	225	69.3	122	+.009	157	-2.88	247	103.8	192	106.7	288	-2.74	256
331	American	Pat	5-17	-16.56	91.0	343	107.6	240	66.9	248	-.040	272	-5.49	312	102.6	262	108.1	336	-2.32	239
332	Howard	MEAC	6-17	-16.58	97.5	290	114.1	326	70.4	80	-.014	206	-5.11	303	101.5	311	106.7	284	+1.05	147
333	Morgan St.	MEAC	8-13	-16.64	94.6	325	111.2	300	69.8	93	-.027	238	-8.91	349	99.8	347	108.7	349	-0.37	181
334	Presbyterian	BSth	9-14	-17.05	98.4	276	115.5	335	64.2	332	+.064	56	-5.01	300	101.4	315	106.4	270	-3.57	281
335	Jackson St.	SWAC	9-13	-19.22	93.2	338	112.5	314	62.8	349	+.101	23	-5.95	324	102.0	301	107.9	331	+5.00	45
336	USC Upstate	ASun	6-19	-19.32	105.7	145	125.0	351	68.5	169	-.063	303	-1.91	219	102.7	261	104.6	169	+2.09	109
337	Maine	AE	5-19	-19.42	89.8	346	109.2	265	71.1	49	-.002	184	-3.03	255	102.9	249	105.9	242	-1.33	211
338	Bryant	NEC	2-21	-20.74	98.4	275	119.2	347	69.6	106	-.021	224	-3.39	266	102.5	269	105.9	241	+1.81	122
339	Incarnate Word	Slnd	5-14	-20.86	96.3	306	117.1	342	70.6	68	-.012	201	-0.84	179	104.2	171	105.0	191	+7.30	24
340	Longwood	BSth	6-17	-21.15	88.9	347	110.1	283	69.8	98	-.024	230	-3.60	273	102.5	272	106.1	251	-0.87	193
341	South Carolina St.	MEAC	8-15	-21.93	93.5	335	115.5	336	70.7	64	+.086	35	-5.43	309	101.5	313	106.9	297	+4.26	64
342	Florida A&M	MEAC	4-20	-21.96	96.2	307	118.2	344	67.6	216	+.030	114	-1.09	191	103.0	244	104.1	142	+7.31	23
343	Alcorn St.	SWAC	7-15	-22.01	91.4	342	113.4	322	66.7	255	-.035	258	-2.79	244	103.0	243	105.8	239	+10.67	5
344	Northwestern St.	Slnd	3-18	-22.87	88.8	348	111.7	306	69.8	96	-.061	296	+0.05	154	103.8	195	103.8	113	+9.79	7
345	Alabama St.	SWAC	3-18	-23.73	95.3	319	119.0	345	68.8	147	-.034	256	-5.19	307	101.0	331	106.2	258	+4.78	50
346	Chicago St.	WAC	2-21	-24.32	94.9	323	119.2	348	71.3	43	-.077	319	+4.80	63	107.7	50	102.9	80	+6.77	28
347	Alabama A&M	SWAC	2-20	-24.48	86.7	350	111.2	297	66.5	262	-.058	290	-4.03	284	102.6	267	106.6	281	+4.67	53
348	Coppin St.	MEAC	4-20	-24.57	85.2	351	109.7	274	66.7	254	+.028	116	-3.83	279	101.6	307	105.5	216	+4.73	52
349	Maryland Eastern Shore	MEAC	5-19	-25.07	95.3	318	120.4	349	64.8	324	-.039	268	-3.49	268	102.2	292	105.7	232	+7.98	15
350	Mississippi Valley St.	SWAC	1-21	-27.81	88.7	349	116.5	340	68.4	174	-.012	200	-1.88	216	103.2	228	105.1	201	+8.35	13
351	Delaware St.	MEAC	2-21	-30.19	90.9	344	121.1	350	65.0	321	-.095	333	-5.68	317	100.7	335	106.4	269	+1.75	128
